Time(min) prod sp3 fsc2 qsc2 fum Bypass qh psi fc1 [Ca²⁺]μM lk fc2
0.02 8.58791 0.0629335 2.96302e-05 0.19998 6.73582 0 2.97954 214.171 0 0 21.4615 4.36225
0.04 8.58847 0.0625552 2.96303e-05 0.19998 6.73582 0 3.00797 214.173 0 0 21.4629 4.36224
0.06 8.58901 0.0621788 2.96303e-05 0.19998 6.73582 0 3.03629 214.174 0 0 21.4643 4.36224
0.08 8.58954 0.0618042 2.96303e-05 0.19998 6.73582 0 3.0645 214.176 0 0 21.4656 4.36224
0.1 8.59006 0.0614315 2.96303e-05 0.19998 6.73582 0 3.09261 214.177 0 0 21.467 4.36224
0.12 8.59056 0.0610606 2.96303e-05 0.19998 6.73582 0 3.12061 214.179 0 0 21.4683 4.36224
0.14 8.59106 0.0606915 2.96303e-05 0.19998 6.73582 0 3.14851 214.18 0 0 21.4695 4.36224
0.16 8.59155 0.060324 2.96303e-05 0.19998 6.73582 0 3.17631 214.181 0 0 21.4708 4.36224
0.18 8.59202 0.0599582 2.96303e-05 0.19998 6.73582 0 3.20401 214.183 0 0 21.472 4.36224
0.2 8.59249 0.059594 2.96303e-05 0.19998 6.73581 0 3.23161 214.184 0 0 21.4732 4.36224
0.22 8.59295 0.0592315 2.96303e-05 0.19998 6.73581 0 3.25912 214.185 0 0 21.4744 4.36224
0.24 8.59339 0.0588704 2.96303e-05 0.19998 6.73581 0 3.28653 214.186 0 0 21.4755 4.36224
0.26 8.59383 0.0585109 2.96303e-05 0.19998 6.73581 0 3.31385 214.188 0 0 21.4767 4.36224
0.28 8.59426 0.0581528 2.96303e-05 0.19998 6.73581 0 3.34108 214.189 0 0 21.4778 4.36223
0.3 8.59469 0.0577961 2.96303e-05 0.19998 6.73581 0 3.36822 214.19 0 0 21.4789 4.36223
0.32 8.5951 0.0574408 2.96303e-05 0.19998 6.73581 0 3.39527 214.191 0 0 21.4799 4.36223
0.34 8.59551 0.0570869 2.96303e-05 0.199979 6.73581 0 3.42223 214.192 0 0 21.481 4.36223
0.36 8.59591 0.0567343 2.96303e-05 0.199979 6.7358 0 3.44911 214.193 0 0 21.482 4.36223
0.38 8.5963 0.0563829 2.96303e-05 0.199979 6.7358 0 3.47591 214.194 0 0 21.483 4.36223
0.4 8.59668 0.0560328 2.96303e-05 0.199979 6.7358 0 3.50262 214.196 0 0 21.484 4.36223
0.42 8.59706 0.0556838 2.96303e-05 0.199979 6.7358 0 3.52925 214.197 0 0 21.485 4.36223
0.44 8.59743 0.0553361 2.96303e-05 0.199979 6.7358 0 3.5558 214.198 0 0 21.4859 4.36223
0.46 8.5978 0.0549894 2.96304e-05 0.199979 6.7358 0 3.58227 214.199 0 0 21.4869 4.36223
0.48 8.59815 0.0546438 2.96304e-05 0.199979 6.7358 0 3.60866 214.2 0 0 21.4878 4.36222
0.5 8.5985 0.0542993 2.96304e-05 0.199979 6.73579 0 3.63497 214.201 0 0 21.4887 4.36222
0.52 8.59885 0.0539557 2.96304e-05 0.199979 6.73579 0 3.6612 214.201 0 0 21.4896 4.36222
0.54 8.59919 0.0536132 2.96304e-05 0.199979 6.73579 0 3.68736 214.202 0 0 21.4905 4.36222
0.56 8.59952 0.0532716 2.96304e-05 0.199979 6.73579 0 3.71345 214.203 0 0 21.4913 4.36222
0.58 8.59985 0.0529309 2.96304e-05 0.199979 6.73579 0 3.73945 214.204 0 0 21.4922 4.36222
0.6 8.60017 0.052591 2.96304e-05 0.199979 6.73579 0 3.76539 214.205 0 0 21.493 4.36222
0.62 8.60049 0.052252 2.96304e-05 0.199978 6.73578 0 3.79125 214.206 0 0 21.4938 4.36222
0.64 8.6008 0.0519138 2.96304e-05 0.199978 6.73578 0 3.81704 214.207 0 0 21.4946 4.36221
0.66 8.6011 0.0515763 2.96304e-05 0.199978 6.73578 0 3.84276 214.208 0 0 21.4954 4.36221
0.68 8.6014 0.0512396 2.96304e-05 0.199978 6.73578 0 3.86841 214.208 0 0 21.4962 4.36221
0.7 8.6017 0.0509035 2.96304e-05 0.199978 6.73578 0 3.89398 214.209 0 0 21.4969 4.36221
0.72 8.60199 0.0505681 2.96304e-05 0.199978 6.73577 0 3.91949 214.21 0 0 21.4977 4.36221
0.74 8.60227 0.0502333 2.96305e-05 0.199978 6.73577 0 3.94493 214.211 0 0 21.4984 4.36221
0.76 8.60255 0.0498991 2.96305e-05 0.199978 6.73577 0 3.9703 214.212 0 0 21.4991 4.36221
0.78 8.60283 0.0495654 2.96305e-05 0.199978 6.73577 0 3.9956 214.212 0 0 21.4998 4.3622
0.8 8.6031 0.0492322 2.96305e-05 0.199978 6.73577 0 4.02083 214.213 0 0 21.5005 4.3622
0.82 8.60336 0.0488995 2.96305e-05 0.199977 6.73576 0 4.046 214.214 0 0 21.5012 4.3622
0.84 8.60363 0.0485673 2.96305e-05 0.199977 6.73576 0 4.0711 214.215 0 0 21.5019 4.3622
0.86 8.60388 0.0482354 2.96305e-05 0.199977 6.73576 0 4.09613 214.215 0 0 21.5026 4.3622
0.88 8.60414 0.0479039 2.96305e-05 0.199977 6.73576 0 4.1211 214.216 0 0 21.5032 4.3622
0.9 8.60438 0.0475727 2.96305e-05 0.199977 6.73575 0 4.146 214.217 0 0 21.5038 4.36219
0.92 8.60463 0.0472418 2.96305e-05 0.199977 6.73575 0 4.17083 214.217 0 0 21.5045 4.36219
0.94 8.60487 0.0469112 2.96306e-05 0.199977 6.73575 0 4.1956 214.218 0 0 21.5051 4.36219
0.96 8.6051 0.0465808 2.96306e-05 0.199977 6.73575 0 4.22031 214.219 0 0 21.5057 4.36219
0.98 8.60533 0.0462505 2.96306e-05 0.199976 6.73574 0 4.24495 214.219 0 0 21.5063 4.36219
1.02 13.3985 0.026284 2.96299e-05 0.19998 6.73575 0 2.87248 193.183 0 12.5971 8.54052 4.3622
1.04 11.2659 0.0443571 2.96298e-05 0.199981 6.73575 0 2.0904 201.182 0 7.75353 12.1489 4.36221
1.06 10.0694 0.059752 2.96297e-05 0.199982 6.73575 0 1.67297 206.309 0 4.69679 15.2155 4.36221
1.08 9.40167 0.0703897 2.96297e-05 0.199982 6.73576 0 1.45646 209.419 0 2.81702 17.4361 4.36221
1.1 9.025 0.0769821 2.96297e-05 0.199982 6.73576 0 1.3513 211.272 0 1.67957 18.9079 4.36222
1.12 8.81046 0.0808056 2.96298e-05 0.199982 6.73577 0 1.3088 212.372 0 0.997843 19.8393 4.36222
1.14 8.68781 0.0828829 2.96298e-05 0.199982 6.73577 0 1.30196 213.026 0 0.591579 20.4147 4.36222
1.16 8.61788 0.0838963 2.96298e-05 0.199982 6.73577 0 1.31551 213.418 0 0.350282 20.7664 4.36222
1.18 8.57844 0.0842724 2.96298e-05 0.199982 6.73578 0 1.34066 213.653 0 0.207251 20.9808 4.36223
1.2 8.5567 0.0842706 2.96298e-05 0.199982 6.73578 0 1.37233 213.796 0 0.122569 21.1121 4.36223
1.22 8.54522 0.0840465 2.96298e-05 0.199982 6.73578 0 1.40758 213.884 0 0.0724672 21.1934 4.36223
1.24 8.53969 0.083693 2.96299e-05 0.199982 6.73579 0 1.44469 213.939 0 0.0428379 21.2447 4.36223
1.26 8.53759 0.0832651 2.96299e-05 0.199982 6.73579 0 1.48267 213.975 0 0.0253202 21.2779 4.36223
1.28 8.53743 0.0827955 2.96299e-05 0.199982 6.73579 0 1.52094 213.999 0 0.014965 21.3003 4.36223
1.3 8.53836 0.0823035 2.96299e-05 0.199982 6.7358 0 1.55918 214.016 0 0.00884427 21.3161 4.36224
1.32 8.53988 0.0818003 2.96299e-05 0.199982 6.7358 0 1.59721 214.029 0 0.00522676 21.3279 4.36224
1.34 8.54168 0.0812928 2.96299e-05 0.199982 6.7358 0 1.63493 214.038 0 0.00308886 21.3372 4.36224
1.36 8.54361 0.0807847 2.96299e-05 0.199982 6.7358 0 1.6723 214.047 0 0.00182536 21.3448 4.36224
1.38 8.54557 0.0802783 2.96299e-05 0.199982 6.7358 0 1.70929 214.054 0 0.00107867 21.3514 4.36224
1.4 8.54733 0.0797773 2.963e-05 0.199982 6.73581 0 1.74596 214.061 0 0.000999664 21.3582 4.36224
1.42 8.54929 0.0792759 2.963e-05 0.199982 6.73581 0 1.78223 214.066 0 0.000999664 21.3632 4.36224
1.44 8.55116 0.0787793 2.963e-05 0.199982 6.73581 0 1.81814 214.071 0 0.000999664 21.3679 4.36224
1.46 8.55294 0.0782873 2.963e-05 0.199982 6.73581 0 1.85369 214.076 0 0.000999664 21.3724 4.36224
1.48 8.55465 0.0777999 2.963e-05 0.199982 6.73581 0 1.8889 214.081 0 0.000999664 21.3767 4.36224
1.52 13.1766 0.0376474 2.96299e-05 0.199982 6.73581 0 0.616265 191.811 0 12.6195 8.03751 4.36225
1.54 9.88375 0.0395453 2.96298e-05 0.199983 6.73582 0 0.0946732 193.866 0 7.83636 8.79669 4.36225
1.56 8.32666 0.050067 2.96299e-05 0.199983 6.73582 0 0.071991 198.892 0 4.84576 11.001 4.36225
1.58 8.2745 0.0697602 2.96299e-05 0.199983 6.73582 0 0.113732 205.29 0 2.94678 14.5634 4.36225
1.6 8.29786 0.0811746 2.96299e-05 0.199983 6.73582 0 0.173504 208.828 0 1.77072 16.9983 4.36225
1.62 8.30993 0.087297 2.96299e-05 0.199983 6.73583 0 0.242042 210.782 0 1.0571 18.5118 4.36225
1.64 8.3221 0.0905898 2.96299e-05 0.199982 6.73583 0 0.314524 211.912 0 0.628767 19.4473 4.36226
1.66 8.33749 0.0922927 2.96299e-05 0.199982 6.73583 0 0.387775 212.59 0 0.373179 20.031 4.36226
1.68 8.35513 0.093068 2.96299e-05 0.199982 6.73583 0 0.459824 213.01 0 0.221197 20.4011 4.36226
1.7 8.37343 0.0932914 2.96299e-05 0.199982 6.73583 0 0.529605 213.278 0 0.131002 20.6408 4.36226
1.72 8.39119 0.0931833 2.963e-05 0.199982 6.73583 0 0.596649 213.454 0 0.0775438 20.8004 4.36226
1.74 8.40774 0.0928753 2.963e-05 0.199982 6.73584 0 0.660853 213.575 0 0.0458833 20.91 4.36226
1.76 8.42277 0.0924468 2.963e-05 0.199982 6.73584 0 0.72231 213.66 0 0.0271428 20.9879 4.36226
1.78 8.43623 0.0919461 2.963e-05 0.199982 6.73584 0 0.781213 213.723 0 0.016054 21.0454 4.36226
1.8 8.4482 0.0914027 2.963e-05 0.199982 6.73584 0 0.837789 213.771 0 0.00949393 21.0894 4.36226
1.82 8.45882 0.0908348 2.963e-05 0.199982 6.73584 0 0.892269 213.809 0 0.00561389 21.1243 4.36226
1.84 8.46825 0.0902537 2.963e-05 0.199982 6.73584 0 0.944871 213.84 0 0.00331934 21.1528 4.36226
1.86 8.47664 0.0896663 2.963e-05 0.199982 6.73584 0 0.995791 213.865 0 0.00196247 21.1766 4.36226
1.88 8.48413 0.0890773 2.963e-05 0.199982 6.73584 0 1.0452 213.888 0 0.00116019 21.1971 4.36226
1.9 8.49067 0.0884923 2.963e-05 0.199982 6.73584 0 1.09329 213.908 0 0.000999154 21.216 4.36226
1.92 8.49683 0.0879054 2.963e-05 0.199982 6.73584 0 1.14015 213.925 0 0.000999154 21.2314 4.36226
1.94 8.50238 0.0873232 2.963e-05 0.199982 6.73584 0 1.18589 213.94 0 0.000999154 21.2453 4.36226
1.96 8.50742 0.0867462 2.963e-05 0.199982 6.73585 0 1.2306 213.953 0 0.000999154 21.2579 4.36226
1.98 8.51202 0.0861746 2.96301e-05 0.199982 6.73585 0 1.27439 213.966 0 0.000999154 21.2694 4.36226
2.02 12.4857 0.0277267 2.963e-05 0.199983 6.73585 0 0.148208 186.532 0 12.6662 6.35813 4.36227
2.04 8.30975 0.0180341 2.963e-05 0.199983 6.73585 0 0.0382041 183.558 0 8.10513 5.58892 4.36227
2.06 8.13739 0.0449349 2.963e-05 0.199983 6.73585 0 0.0612556 197.207 0 5.07006 10.2164 4.36227
2.08 8.24673 0.0679781 2.963e-05 0.199983 6.73585 0 0.106522 204.745 0 3.09042 14.2185 4.36227
2.1 8.29161 0.0803295 2.963e-05 0.199983 6.73585 0 0.166424 208.564 0 1.85877 16.802 4.36227
2.12 8.30742 0.0868543 2.963e-05 0.199983 6.73585 0 0.234761 210.636 0 1.1102 18.3936 4.36227
2.14 8.32017 0.0903568 2.963e-05 0.199983 6.73585 0 0.307188 211.827 0 0.660534 19.3746 4.36227
2.16 8.33557 0.0921784 2.963e-05 0.199982 6.73585 0 0.380549 212.538 0 0.392098 19.9855 4.36227
2.18 8.3532 0.0930233 2.963e-05 0.199982 6.73585 0 0.45282 212.977 0 0.232435 20.372 4.36227
2.2 8.37156 0.0932882 2.963e-05 0.199982 6.73585 0 0.522877 213.257 0 0.137666 20.6217 4.36227
2.22 8.38945 0.093205 2.963e-05 0.199982 6.73585 0 0.590215 213.44 0 0.0814906 20.7875 4.36227
2.24 8.40616 0.0929121 2.963e-05 0.199982 6.73586 0 0.654705 213.565 0 0.0482209 20.901 4.36227
2.26 8.42135 0.0924926 2.963e-05 0.199982 6.73586 0 0.716431 213.653 0 0.0285262 20.9814 4.36227
2.28 8.43497 0.0919973 2.963e-05 0.199982 6.73586 0 0.775579 213.718 0 0.0168722 21.0405 4.36227
2.3 8.44709 0.091457 2.96301e-05 0.199982 6.73586 0 0.832376 213.767 0 0.00997807 21.0856 4.36227
2.32 8.45784 0.0908908 2.96301e-05 0.199982 6.73586 0 0.887055 213.805 0 0.00590022 21.1212 4.36227
2.34 8.46737 0.0903105 2.96301e-05 0.199982 6.73586 0 0.939835 213.837 0 0.00348862 21.1502 4.36227
2.36 8.47586 0.0897235 2.96301e-05 0.199982 6.73586 0 0.990913 213.863 0 0.0020626 21.1745 4.36227
2.38 8.48344 0.0891344 2.96301e-05 0.199982 6.73586 0 1.04047 213.886 0 0.00121939 21.1952 4.36227
2.4 8.49004 0.0885495 2.96301e-05 0.199982 6.73586 0 1.08868 213.906 0 0.000999638 21.2144 4.36227
2.42 8.49625 0.0879621 2.96301e-05 0.199982 6.73586 0 1.13566 213.923 0 0.000999638 21.2299 4.36227
2.44 8.50186 0.0873794 2.96301e-05 0.199982 6.73586 0 1.1815 213.938 0 0.000999638 21.244 4.36227
2.46 8.50695 0.0868018 2.96301e-05 0.199982 6.73586 0 1.22631 213.952 0 0.000999638 21.2567 4.36227
2.48 8.51159 0.0862297 2.96301e-05 0.199982 6.73586 0 1.27019 213.964 0 0.000999638 21.2683 4.36227
2.52 12.4681 0.0275358 2.963e-05 0.199983 6.73586 0 0.145948 186.431 0 12.6668 6.32662 4.36227
2.54 8.30382 0.0179744 2.963e-05 0.199983 6.73586 0 0.0381225 183.515 0 8.10779 5.58506 4.36227
2.56 8.13716 0.0449077 2.963e-05 0.199983 6.73586 0 0.0612167 197.198 0 5.07197 10.2204 4.36227
2.58 8.24678 0.0679646 2.963e-05 0.199983 6.73586 0 0.106477 204.741 0 3.09163 14.2217 4.36227
2.6 8.29163 0.0803228 2.963e-05 0.199983 6.73586 0 0.166374 208.561 0 1.85951 16.8041 4.36227
2.62 8.30744 0.0868506 2.963e-05 0.199983 6.73586 0 0.234707 210.635 0 1.11065 18.3949 4.36227
2.64 8.32018 0.0903548 2.963e-05 0.199983 6.73586 0 0.307133 211.826 0 0.660803 19.3754 4.36227
2.66 8.33559 0.0921774 2.963e-05 0.199983 6.73586 0 0.380496 212.538 0 0.392258 19.986 4.36227
2.68 8.35322 0.0930229 2.963e-05 0.199982 6.73586 0 0.452769 212.977 0 0.232526 20.3723 4.36227
2.7 8.37158 0.0932881 2.963e-05 0.199982 6.73586 0 0.522829 213.257 0 0.137722 20.6219 4.36227
2.72 8.38947 0.0932052 2.96301e-05 0.199982 6.73586 0 0.59017 213.44 0 0.081524 20.7876 4.36227
2.74 8.40617 0.0929123 2.96301e-05 0.199982 6.73586 0 0.654663 213.565 0 0.0482406 20.9011 4.36227
2.76 8.42137 0.0924929 2.96301e-05 0.199982 6.73586 0 0.716392 213.653 0 0.0285378 20.9814 4.36227
2.78 8.43499 0.0919976 2.96301e-05 0.199982 6.73586 0 0.775543 213.718 0 0.0168791 21.0406 4.36227
2.8 8.4471 0.0914573 2.96301e-05 0.199982 6.73586 0 0.832343 213.767 0 0.00998216 21.0856 4.36227
2.82 8.45785 0.0908911 2.96301e-05 0.199982 6.73586 0 0.887024 213.805 0 0.00590264 21.1213 4.36227
2.84 8.46738 0.0903109 2.96301e-05 0.199982 6.73586 0 0.939806 213.837 0 0.00349005 21.1503 4.36227
2.86 8.47587 0.0897238 2.96301e-05 0.199982 6.73586 0 0.990886 213.863 0 0.00206341 21.1745 4.36227
2.88 8.48345 0.0891347 2.96301e-05 0.199982 6.73586 0 1.04044 213.886 0 0.00121989 21.1953 4.36227
2.9 8.49002 0.0885498 2.96301e-05 0.199982 6.73586 0 1.08866 213.906 0 0.000999683 21.2144 4.36227
2.92 8.49624 0.0879624 2.96301e-05 0.199982 6.73586 0 1.13564 213.923 0 0.000999683 21.2299 4.36227
2.94 8.50185 0.0873796 2.96301e-05 0.199982 6.73586 0 1.18148 213.938 0 0.000999683 21.2439 4.36227
2.96 8.50694 0.0868021 2.96301e-05 0.199982 6.73586 0 1.2263 213.952 0 0.000999683 21.2567 4.36227
2.98 8.51158 0.0862299 2.96301e-05 0.199982 6.73586 0 1.27017 213.964 0 0.000999683 21.2683 4.36227
3.02 12.4675 0.0275351 2.963e-05 0.199983 6.73586 0 0.14594 186.431 0 12.6668 6.32616 4.36227
3.04 8.30472 0.0179739 2.963e-05 0.199983 6.73586 0 0.0381218 183.515 0 8.10778 5.58087 4.36227
3.06 8.13704 0.0449077 2.963e-05 0.199983 6.73586 0 0.0612167 197.198 0 5.07197 10.2153 4.36227
3.08 8.2467 0.0679646 2.963e-05 0.199983 6.73586 0 0.106478 204.741 0 3.09163 14.2181 4.36227
3.1 8.29161 0.0803228 2.963e-05 0.199983 6.73586 0 0.166374 208.561 0 1.85951 16.8019 4.36227
3.12 8.30742 0.0868506 2.963e-05 0.199983 6.73586 0 0.234707 210.635 0 1.11065 18.3935 4.36227
3.14 8.32017 0.0903549 2.963e-05 0.199983 6.73586 0 0.307134 211.826 0 0.660802 19.3746 4.36227
3.16 8.33557 0.0921774 2.963e-05 0.199983 6.73586 0 0.380497 212.538 0 0.392258 19.9854 4.36227
3.18 8.3532 0.0930229 2.963e-05 0.199982 6.73586 0 0.452771 212.977 0 0.232526 20.3719 4.36227
3.2 8.37157 0.0932881 2.96301e-05 0.199982 6.73586 0 0.522831 213.257 0 0.137722 20.6217 4.36227
3.22 8.38945 0.0932051 2.96301e-05 0.199982 6.73586 0 0.590172 213.44 0 0.0815239 20.7875 4.36227
3.24 8.40616 0.0929123 2.96301e-05 0.199982 6.73586 0 0.654665 213.565 0 0.0482406 20.901 4.36227
3.26 8.42135 0.0924929 2.96301e-05 0.199982 6.73586 0 0.716394 213.653 0 0.0285378 20.9814 4.36227
3.28 8.43498 0.0919976 2.96301e-05 0.199982 6.73586 0 0.775546 213.718 0 0.0168791 21.0405 4.36227
3.3 8.44709 0.0914573 2.96301e-05 0.199982 6.73586 0 0.832346 213.767 0 0.00998215 21.0856 4.36227
3.32 8.45784 0.0908911 2.96301e-05 0.199982 6.73586 0 0.887028 213.805 0 0.00590264 21.1212 4.36227
3.34 8.46738 0.0903108 2.96301e-05 0.199982 6.73586 0 0.939809 213.837 0 0.00349004 21.1502 4.36227
3.36 8.47586 0.0897238 2.96301e-05 0.199982 6.73586 0 0.99089 213.863 0 0.0020634 21.1745 4.36227
3.38 8.48344 0.0891347 2.96301e-05 0.199982 6.73586 0 1.04045 213.886 0 0.00121989 21.1952 4.36227
3.4 8.49004 0.0885497 2.96301e-05 0.199982 6.73586 0 1.08866 213.906 0 0.000999019 21.2144 4.36227
3.42 8.49626 0.0879623 2.96301e-05 0.199982 6.73586 0 1.13564 213.923 0 0.000999019 21.2299 4.36227
3.44 8.50186 0.0873796 2.96301e-05 0.199982 6.73586 0 1.18149 213.938 0 0.000999019 21.244 4.36227
3.46 8.50695 0.086802 2.96301e-05 0.199982 6.73586 0 1.2263 213.952 0 0.000999019 21.2567 4.36227
3.48 8.51159 0.0862299 2.96301e-05 0.199982 6.73586 0 1.27018 213.964 0 0.000999019 21.2683 4.36227
3.52 12.4627 0.0275354 2.963e-05 0.199983 6.73586 0 0.145943 186.431 0 12.6668 6.32328 4.36227
3.54 8.30746 0.017974 2.963e-05 0.199983 6.73586 0 0.0381219 183.515 0 8.10777 5.56911 4.36227
3.56 8.1367 0.0449078 2.963e-05 0.199983 6.73586 0 0.0612169 197.198 0 5.07196 10.2005 4.36227
3.58 8.24646 0.0679647 2.963e-05 0.199983 6.73586 0 0.106478 204.741 0 3.09163 14.2079 4.36228
3.6 8.29153 0.0803228 2.963e-05 0.199983 6.73586 0 0.166374 208.561 0 1.85951 16.7955 4.36228
3.62 8.30739 0.0868506 2.963e-05 0.199983 6.73586 0 0.234708 210.635 0 1.11064 18.3896 4.36228
3.64 8.32013 0.0903549 2.963e-05 0.199983 6.73586 0 0.307135 211.826 0 0.660801 19.3722 4.36228
3.66 8.33552 0.0921774 2.963e-05 0.199983 6.73586 0 0.380498 212.538 0 0.392257 19.9839 4.36228
3.68 8.35314 0.0930229 2.96301e-05 0.199983 6.73586 0 0.452772 212.977 0 0.232525 20.371 4.36228
3.7 8.37151 0.0932881 2.96301e-05 0.199982 6.73586 0 0.522832 213.257 0 0.137722 20.6211 4.36228
3.72 8.3894 0.0932051 2.96301e-05 0.199982 6.73586 0 0.590173 213.44 0 0.0815238 20.7871 4.36228
3.74 8.40611 0.0929123 2.96301e-05 0.199982 6.73586 0 0.654666 213.565 0 0.0482405 20.9007 4.36227
3.76 8.42131 0.0924929 2.96301e-05 0.199982 6.73586 0 0.716395 213.653 0 0.0285378 20.9812 4.36227
3.78 8.43494 0.0919976 2.96301e-05 0.199982 6.73586 0 0.775547 213.718 0 0.0168791 21.0403 4.36227
3.8 8.44706 0.0914573 2.96301e-05 0.199982 6.73586 0 0.832347 213.767 0 0.00998214 21.0855 4.36227
3.82 8.45781 0.0908911 2.96301e-05 0.199982 6.73586 0 0.887029 213.805 0 0.00590263 21.1211 4.36227
3.84 8.46735 0.0903108 2.96301e-05 0.199982 6.73586 0 0.939811 213.837 0 0.00349004 21.1501 4.36227
3.86 8.47584 0.0897238 2.96301e-05 0.199982 6.73586 0 0.990892 213.863 0 0.0020634 21.1744 4.36227
3.88 8.48342 0.0891347 2.96301e-05 0.199982 6.73586 0 1.04045 213.886 0 0.00121989 21.1952 4.36227
3.9 8.49001 0.0885497 2.96301e-05 0.199982 6.73586 0 1.08866 213.906 0 0.000995741 21.2143 4.36227
3.92 8.49623 0.0879623 2.96301e-05 0.199982 6.73586 0 1.13564 213.923 0 0.000995741 21.2299 4.36227
3.94 8.50184 0.0873796 2.96301e-05 0.199982 6.73586 0 1.18149 213.938 0 0.000995741 21.2439 4.36227
3.96 8.50693 0.086802 2.96301e-05 0.199982 6.73586 0 1.2263 213.952 0 0.000995741 21.2567 4.36227
3.98 8.51158 0.0862298 2.96301e-05 0.199982 6.73586 0 1.27018 213.964 0 0.000995741 21.2683 4.36227
4.02 12.4665 0.0275354 2.963e-05 0.199983 6.73586 0 0.145942 186.431 0 12.6668 6.32558 4.36227
4.04 8.30876 0.0179743 2.963e-05 0.199983 6.73586 0 0.0381224 183.515 0 8.10779 5.56379 4.36227
4.06 8.13655 0.0449077 2.963e-05 0.199983 6.73586 0 0.0612168 197.198 0 5.07197 10.1938 4.36228
4.08 8.24635 0.0679647 2.963e-05 0.199983 6.73586 0 0.106478 204.741 0 3.09164 14.2033 4.36228
4.1 8.29149 0.0803229 2.963e-05 0.199983 6.73586 0 0.166374 208.561 0 1.85948 16.7927 4.36228
4.12 8.30737 0.0868506 2.963e-05 0.199983 6.73586 0 0.234708 210.635 0 1.11065 18.3879 4.36228
4.14 8.32011 0.0903549 2.963e-05 0.199983 6.73586 0 0.307135 211.826 0 0.660792 19.3711 4.36228
4.16 8.33549 0.0921774 2.963e-05 0.199983 6.73586 0 0.380498 212.538 0 0.392258 19.9832 4.36228
4.18 8.35312 0.0930229 2.96301e-05 0.199983 6.73586 0 0.452772 212.977 0 0.232526 20.3705 4.36228
4.2 8.37148 0.0932881 2.96301e-05 0.199983 6.73586 0 0.522832 213.257 0 0.137722 20.6208 4.36228
4.22 8.38938 0.0932051 2.96301e-05 0.199982 6.73586 0 0.590173 213.44 0 0.0815241 20.7869 4.36228
4.24 8.40608 0.0929123 2.96301e-05 0.199982 6.73586 0 0.654667 213.565 0 0.0482399 20.9005 4.36228
4.26 8.42129 0.0924929 2.96301e-05 0.199982 6.73586 0 0.716396 213.653 0 0.0285379 20.9811 4.36227
4.28 8.43492 0.0919976 2.96301e-05 0.199982 6.73586 0 0.775547 213.718 0 0.0168791 21.0403 4.36227
4.3 8.44704 0.0914573 2.96301e-05 0.199982 6.73586 0 0.832348 213.767 0 0.00998201 21.0854 4.36227
4.32 8.45779 0.0908911 2.96301e-05 0.199982 6.73586 0 0.887029 213.805 0 0.00590265 21.1211 4.36227
4.34 8.46733 0.0903108 2.96301e-05 0.199982 6.73586 0 0.939811 213.837 0 0.00349005 21.1501 4.36227
4.36 8.47582 0.0897238 2.96301e-05 0.199982 6.73586 0 0.990892 213.863 0 0.00206341 21.1744 4.36227
4.38 8.48341 0.0891347 2.96301e-05 0.199982 6.73586 0 1.04045 213.886 0 0.00121989 21.1952 4.36227
4.4 8.49 0.0885497 2.96301e-05 0.199982 6.73586 0 1.08866 213.906 0 0.000997092 21.2143 4.36227
4.42 8.49623 0.0879623 2.96301e-05 0.199982 6.73586 0 1.13564 213.923 0 0.000997092 21.2299 4.36227
4.44 8.50183 0.0873796 2.96301e-05 0.199982 6.73586 0 1.18149 213.938 0 0.000997092 21.2439 4.36227
4.46 8.50692 0.086802 2.96301e-05 0.199982 6.73586 0 1.2263 213.952 0 0.000997092 21.2566 4.36227
4.48 8.51157 0.0862298 2.96301e-05 0.199982 6.73586 0 1.27018 213.964 0 0.000997092 21.2683 4.36227
4.52 12.4565 0.0275354 2.963e-05 0.199983 6.73586 0 0.145943 186.431 0 12.6668 6.3196 4.36227
4.54 8.30544 0.0179725 2.963e-05 0.199983 6.73586 0 0.0381191 183.514 0 8.10769 5.57663 4.36227
4.56 8.13689 0.0449092 2.963e-05 0.199983 6.73586 0 0.0612178 197.198 0 5.07178 10.2105 4.36228
4.58 8.24669 0.0679561 2.963e-05 0.199983 6.73586 0 0.106458 204.738 0 3.0926 14.213 4.36228
4.6 8.29163 0.0803143 2.963e-05 0.199983 6.73586 0 0.166322 208.559 0 1.8605 16.7978 4.36228
4.62 8.30742 0.0868459 2.963e-05 0.199983 6.73586 0 0.234643 210.633 0 1.11124 18.391 4.36228
4.64 8.32015 0.0903523 2.963e-05 0.199983 6.73586 0 0.307065 211.825 0 0.661159 19.373 4.36228
4.66 8.33554 0.0921761 2.963e-05 0.199983 6.73586 0 0.380427 212.537 0 0.39247 19.9844 4.36228
4.68 8.35317 0.0930223 2.96301e-05 0.199983 6.73586 0 0.452702 212.977 0 0.232656 20.3713 4.36228
4.7 8.37153 0.093288 2.96301e-05 0.199983 6.73586 0 0.522764 213.256 0 0.137797 20.6213 4.36228
4.72 8.38942 0.0932053 2.96301e-05 0.199983 6.73586 0 0.590108 213.44 0 0.0815695 20.7872 4.36228
4.74 8.40613 0.0929127 2.96301e-05 0.199982 6.73586 0 0.654604 213.565 0 0.0482668 20.9008 4.36228
4.76 8.42133 0.0924934 2.96301e-05 0.199982 6.73586 0 0.716336 213.653 0 0.0285533 20.9812 4.36227
4.78 8.43495 0.0919981 2.96301e-05 0.199982 6.73586 0 0.77549 213.718 0 0.0168885 21.0404 4.36227
4.8 8.44707 0.0914578 2.96301e-05 0.199982 6.73586 0 0.832292 213.767 0 0.00998758 21.0855 4.36227
4.82 8.45782 0.0908917 2.96301e-05 0.199982 6.73586 0 0.886976 213.805 0 0.00590585 21.1212 4.36227
4.84 8.46736 0.0903114 2.96301e-05 0.199982 6.73586 0 0.93976 213.837 0 0.003492 21.1502 4.36227
4.86 8.47584 0.0897244 2.96301e-05 0.199982 6.73586 0 0.990842 213.863 0 0.00206456 21.1744 4.36227
4.88 8.48342 0.0891353 2.96301e-05 0.199982 6.73586 0 1.0404 213.886 0 0.00122055 21.1952 4.36227
4.9 8.49002 0.0885503 2.96301e-05 0.199982 6.73586 0 1.08862 213.906 0 0.00099596 21.2144 4.36227
4.92 8.49624 0.0879629 2.96301e-05 0.199982 6.73586 0 1.1356 213.923 0 0.00099596 21.2299 4.36227
4.94 8.50185 0.0873801 2.96301e-05 0.199982 6.73586 0 1.18144 213.938 0 0.00099596 21.2439 4.36227
4.96 8.50694 0.0868026 2.96301e-05 0.199982 6.73586 0 1.22626 213.952 0 0.00099596 21.2567 4.36227
4.98 8.51158 0.0862304 2.96301e-05 0.199982 6.73586 0 1.27013 213.964 0 0.00099596 21.2683 4.36227
5.02 12.4595 0.0275352 2.96302e-05 0.199983 6.73586 0 0.145946 186.431 0 12.6669 6.32124 4.36228
5.04 8.30608 0.0179733 2.963e-05 0.199983 6.73586 0 0.0381213 183.514 0 8.10789 5.57489 4.36227
5.06 8.13687 0.0449069 2.963e-05 0.199983 6.73586 0 0.0612157 197.197 0 5.07204 10.2078 4.36228
5.08 8.24658 0.0679642 2.963e-05 0.199983 6.73586 0 0.106476 204.741 0 3.09167 14.213 4.36228
5.1 8.29156 0.0803227 2.963e-05 0.199983 6.73586 0 0.166373 208.561 0 1.8595 16.7987 4.36228
5.12 8.30741 0.0868505 2.963e-05 0.199983 6.73586 0 0.234706 210.635 0 1.11066 18.3916 4.36228
5.14 8.32015 0.0903548 2.963e-05 0.199983 6.73586 0 0.307133 211.826 0 0.660812 19.3734 4.36228
5.16 8.33554 0.0921774 2.963e-05 0.199983 6.73586 0 0.380496 212.538 0 0.392263 19.9847 4.36228
5.18 8.35317 0.0930228 2.96301e-05 0.199983 6.73586 0 0.45277 212.977 0 0.232529 20.3715 4.36228
5.2 8.37154 0.0932881 2.96301e-05 0.199983 6.73586 0 0.52283 213.257 0 0.137724 20.6214 4.36228
5.22 8.38943 0.0932051 2.96301e-05 0.199983 6.73586 0 0.590171 213.44 0 0.0815251 20.7873 4.36228
5.24 8.40613 0.0929123 2.96301e-05 0.199982 6.73586 0 0.654665 213.565 0 0.0482413 20.9008 4.36228
5.26 8.42133 0.0924929 2.96301e-05 0.199982 6.73586 0 0.716394 213.653 0 0.0285383 20.9813 4.36227
5.28 8.43496 0.0919976 2.96301e-05 0.199982 6.73586 0 0.775546 213.718 0 0.0168793 21.0404 4.36227
5.3 8.44707 0.0914573 2.96301e-05 0.199982 6.73586 0 0.832346 213.767 0 0.0099823 21.0855 4.36227
5.32 8.45782 0.0908911 2.96301e-05 0.199982 6.73586 0 0.887028 213.805 0 0.00590273 21.1212 4.36227
5.34 8.46736 0.0903108 2.96301e-05 0.199982 6.73586 0 0.93981 213.837 0 0.00349009 21.1502 4.36227
5.36 8.47585 0.0897238 2.96301e-05 0.199982 6.73586 0 0.990891 213.863 0 0.00206344 21.1745 4.36227
5.38 8.48343 0.0891347 2.96301e-05 0.199982 6.73586 0 1.04045 213.886 0 0.00121991 21.1952 4.36227
5.4 8.49004 0.0885497 2.96301e-05 0.199982 6.73586 0 1.08866 213.906 0 0.000998826 21.2144 4.36227
5.42 8.49626 0.0879623 2.96301e-05 0.199982 6.73586 0 1.13564 213.923 0 0.000998826 21.2299 4.36227
5.44 8.50187 0.0873796 2.96301e-05 0.199982 6.73586 0 1.18149 213.938 0 0.000998826 21.244 4.36227
5.46 8.50695 0.086802 2.96301e-05 0.199982 6.73586 0 1.2263 213.952 0 0.000998826 21.2567 4.36227
5.48 8.5116 0.0862298 2.96301e-05 0.199982 6.73586 0 1.27018 213.964 0 0.000998826 21.2684 4.36227
5.52 12.4517 0.0275375 2.963e-05 0.199983 6.73586 0 0.145975 186.432 0 12.667 6.31677 4.36227
5.54 8.30658 0.0179741 2.963e-05 0.199983 6.73586 0 0.0381227 183.515 0 8.10789 5.57327 4.36227
5.56 8.13682 0.044907 2.963e-05 0.199983 6.73586 0 0.0612159 197.197 0 5.07204 10.2056 4.36228
5.58 8.24654 0.0679642 2.963e-05 0.199983 6.73586 0 0.106476 204.741 0 3.09168 14.2114 4.36228
5.6 8.29155 0.0803227 2.963e-05 0.199983 6.73586 0 0.166373 208.561 0 1.85951 16.7978 4.36228
5.62 8.3074 0.0868505 2.963e-05 0.199983 6.73586 0 0.234706 210.635 0 1.11066 18.391 4.36228
5.64 8.32014 0.0903549 2.963e-05 0.199983 6.73586 0 0.307133 211.826 0 0.660801 19.373 4.36228
5.66 8.33554 0.0921774 2.963e-05 0.199983 6.73586 0 0.380496 212.538 0 0.392264 19.9845 4.36228
5.68 8.35316 0.0930228 2.96301e-05 0.199983 6.73586 0 0.45277 212.977 0 0.232529 20.3713 4.36228
5.7 8.37153 0.0932881 2.96301e-05 0.199983 6.73586 0 0.52283 213.257 0 0.137724 20.6213 4.36228
5.72 8.38942 0.0932051 2.96301e-05 0.199983 6.73586 0 0.590171 213.44 0 0.0815251 20.7872 4.36228
5.74 8.40613 0.0929123 2.96301e-05 0.199983 6.73586 0 0.654665 213.565 0 0.0482413 20.9008 4.36228
5.76 8.42133 0.0924929 2.96301e-05 0.199982 6.73586 0 0.716394 213.653 0 0.0285383 20.9812 4.36227
5.78 8.43495 0.0919976 2.96301e-05 0.199982 6.73586 0 0.775546 213.718 0 0.0168793 21.0404 4.36227
5.8 8.44707 0.0914573 2.96301e-05 0.199982 6.73586 0 0.832346 213.767 0 0.00998231 21.0855 4.36227
5.82 8.45782 0.0908911 2.96301e-05 0.199982 6.73586 0 0.887028 213.805 0 0.00590273 21.1212 4.36227
5.84 8.46736 0.0903108 2.96301e-05 0.199982 6.73586 0 0.93981 213.837 0 0.0034901 21.1502 4.36227
5.86 8.47584 0.0897238 2.96301e-05 0.199982 6.73586 0 0.990891 213.863 0 0.00206344 21.1744 4.36227
5.88 8.48342 0.0891347 2.96301e-05 0.199982 6.73586 0 1.04045 213.886 0 0.00121991 21.1952 4.36227
5.9 8.49002 0.0885497 2.96301e-05 0.199982 6.73586 0 1.08866 213.906 0 0.000995173 21.2144 4.36227
5.92 8.49624 0.0879623 2.96301e-05 0.199982 6.73586 0 1.13564 213.923 0 0.000995173 21.2299 4.36227
5.94 8.50185 0.0873796 2.96301e-05 0.199982 6.73586 0 1.18149 213.938 0 0.000995173 21.2439 4.36227
5.96 8.50694 0.086802 2.96301e-05 0.199982 6.73586 0 1.2263 213.952 0 0.000995173 21.2567 4.36227
5.98 8.51158 0.0862298 2.96301e-05 0.199982 6.73586 0 1.27018 213.964 0 0.000995173 21.2683 4.36227
6 8.51584 0.0856633 2.96301e-05 0.199982 6.73586 0 1.31319 213.976 0 0.000995173 21.279 4.36227
6.02 8.51977 0.0851024 2.96301e-05 0.199982 6.73586 0 1.35541 213.987 0 0.000995173 21.2889 4.36227
6.04 8.52341 0.0845472 2.96301e-05 0.199982 6.73586 0 1.3969 213.996 0 0.000995173 21.298 4.36227
6.06 8.52678 0.0839978 2.96301e-05 0.199982 6.73586 0 1.43771 214.005 0 0.000995173 21.3065 4.36227
6.08 8.52993 0.083454 2.96301e-05 0.199982 6.73586 0 1.47789 214.014 0 0.000995173 21.3144 4.36227
6.1 8.53287 0.0829157 2.96301e-05 0.199982 6.73586 0 1.51748 214.022 0 0.000995173 21.3218 4.36227
6.12 8.53564 0.082383 2.96301e-05 0.199982 6.73586 0 1.55651 214.029 0 0.000995173 21.3288 4.36227
6.14 8.53823 0.0818557 2.96301e-05 0.199982 6.73586 0 1.59502 214.036 0 0.000995173 21.3353 4.36227
6.16 8.54068 0.0813338 2.96301e-05 0.199982 6.73586 0 1.63303 214.043 0 0.000995173 21.3415 4.36227
6.18 8.54299 0.080817 2.96301e-05 0.199982 6.73586 0 1.67059 214.049 0 0.000995173 21.3473 4.36227
6.2 8.54517 0.0803054 2.96301e-05 0.199982 6.73586 0 1.70771 214.055 0 0.000995173 21.3528 4.36227
6.22 8.54725 0.0797987 2.96301e-05 0.199982 6.73586 0 1.74441 214.061 0 0.000995173 21.358 4.36227
6.24 8.54922 0.079297 2.96301e-05 0.199982 6.73586 0 1.78071 214.066 0 0.000995173 21.363 4.36227
6.26 8.55109 0.0788 2.96301e-05 0.199982 6.73585 0 1.81665 214.071 0 0.000995173 21.3678 4.36227
6.28 8.55288 0.0783076 2.96301e-05 0.199982 6.73585 0 1.85222 214.076 0 0.000995173 21.3723 4.36227
6.3 8.55458 0.0778199 2.96302e-05 0.199982 6.73585 0 1.88745 214.081 0 0.000995173 21.3766 4.36227
6.32 8.55621 0.0773365 2.96302e-05 0.199982 6.73585 0 1.92236 214.085 0 0.000995173 21.3807 4.36227
6.34 8.55777 0.0768576 2.96302e-05 0.199982 6.73585 0 1.95696 214.089 0 0.000995173 21.3847 4.36227
6.36 8.55926 0.0763828 2.96302e-05 0.199982 6.73585 0 1.99125 214.093 0 0.000995173 21.3884 4.36226
6.38 8.5607 0.0759122 2.96302e-05 0.199982 6.73585 0 2.02526 214.097 0 0.000995173 21.3921 4.36226
6.4 8.56207 0.0754457 2.96302e-05 0.199982 6.73585 0 2.059 214.101 0 0.000995173 21.3956 4.36226
6.42 8.5634 0.0749831 2.96302e-05 0.199982 6.73585 0 2.09247 214.105 0 0.000995173 21.3989 4.36226
6.44 8.56467 0.0745243 2.96302e-05 0.199982 6.73585 0 2.12568 214.108 0 0.000995173 21.4022 4.36226
6.46 8.5659 0.0740693 2.96302e-05 0.199982 6.73585 0 2.15865 214.111 0 0.000995173 21.4053 4.36226
6.48 8.56708 0.073618 2.96302e-05 0.199982 6.73585 0 2.19139 214.115 0 0.000995173 21.4083 4.36226
6.5 8.56822 0.0731703 2.96302e-05 0.199981 6.73585 0 2.22389 214.118 0 0.000995173 21.4112 4.36226
6.52 8.56932 0.0727261 2.96302e-05 0.199981 6.73585 0 2.25618 214.121 0 0.000995173 21.414 4.36226
6.54 8.57039 0.0722853 2.96302e-05 0.199981 6.73585 0 2.28825 214.124 0 0.000995173 21.4167 4.36226
6.56 8.57142 0.0718479 2.96302e-05 0.199981 6.73584 0 2.32012 214.126 0 0.000995173 21.4193 4.36226
6.58 8.57241 0.0714137 2.96302e-05 0.199981 6.73584 0 2.35179 214.129 0 0.000995173 21.4218 4.36226
6.6 8.57338 0.0709827 2.96302e-05 0.199981 6.73584 0 2.38327 214.132 0 0.000995173 21.4243 4.36226
6.62 8.57431 0.0705549 2.96302e-05 0.199981 6.73584 0 2.41455 214.134 0 0.000995173 21.4267 4.36226
6.64 8.57522 0.07013 2.96302e-05 0.199981 6.73584 0 2.44566 214.137 0 0.000995173 21.429 4.36226
6.66 8.5761 0.0697082 2.96302e-05 0.199981 6.73584 0 2.47659 214.139 0 0.000995173 21.4312 4.36226
6.68 8.57695 0.0692893 2.96302e-05 0.199981 6.73584 0 2.50735 214.142 0 0.000995173 21.4334 4.36226
6.7 8.57778 0.0688732 2.96302e-05 0.199981 6.73584 0 2.53794 214.144 0 0.000995173 21.4355 4.36226
6.72 8.57859 0.06846 2.96302e-05 0.199981 6.73584 0 2.56837 214.146 0 0.000995173 21.4376 4.36226
6.74 8.57937 0.0680494 2.96302e-05 0.199981 6.73584 0 2.59865 214.148 0 0.000995173 21.4396 4.36225
6.76 8.58013 0.0676415 2.96302e-05 0.199981 6.73584 0 2.62877 214.15 0 0.000995173 21.4415 4.36225
6.78 8.58088 0.0672362 2.96302e-05 0.199981 6.73584 0 2.65874 214.152 0 0.000995173 21.4434 4.36225
6.8 8.5816 0.0668334 2.96302e-05 0.199981 6.73583 0 2.68856 214.154 0 0.000995173 21.4453 4.36225
6.82 8.5823 0.0664332 2.96302e-05 0.199981 6.73583 0 2.71825 214.156 0 0.000995173 21.4471 4.36225
6.84 8.58299 0.0660353 2.96302e-05 0.199981 6.73583 0 2.74779 214.158 0 0.000995173 21.4488 4.36225
6.86 8.58366 0.0656398 2.96302e-05 0.199981 6.73583 0 2.7772 214.16 0 0.000995173 21.4505 4.36225
6.88 8.58431 0.0652467 2.96302e-05 0.199981 6.73583 0 2.80648 214.162 0 0.000995173 21.4522 4.36225
6.9 8.58495 0.0648558 2.96302e-05 0.199981 6.73583 0 2.83563 214.163 0 0.000995173 21.4539 4.36225
6.92 8.58557 0.0644671 2.96302e-05 0.199981 6.73583 0 2.86465 214.165 0 0.000995173 21.4554 4.36225
6.94 8.58618 0.0640806 2.96302e-05 0.199981 6.73583 0 2.89355 214.167 0 0.000995173 21.457 4.36225
6.96 8.58677 0.0636962 2.96302e-05 0.199981 6.73583 0 2.92233 214.168 0 0.000995173 21.4585 4.36225
6.98 8.58735 0.0633138 2.96302e-05 0.199981 6.73583 0 2.95099 214.17 0 0.000995173 21.46 4.36225

