1.409741419812659e-08
1.539588792452614e-08
2.969891127971215e-08
9.541997421711365e-06
9.188110862059263e-06
4.186002194157064e-05
2.225309221207527e-06
2.14280923049954e-06
9.719067450732745e-06
0.0006023240127890503
0.0005569660575528592
0.003321417702691824
5.415194684984007e-07
2.292376859551603e-06
1.059833347888352e-06
0.00032340964509847
0.0007492300962350159
0.001399842710635936
7.542454538757792e-05
0.0001747567295150655
0.0003250218850246885
0.01961029581159409
0.0323478572253291
0.1078632889850417
5.965349006528449e-09
2.167048016802437e-08
1.168078423688936e-08
3.564440949287605e-06
7.729448524430844e-06
1.54300765919831e-05
8.312874135502848e-07
1.802848692715392e-06
3.582625688470131e-06
0.0002161612380661448
0.0003537614921987868
0.001188983878002141
7.34844889030987e-07
2.268650684493632e-06
9.421944065195084e-07
0.0002680103442515037
0.0004108670519993461
0.000995625358046346
6.25117227885075e-05
9.584281128808328e-05
0.0002311861723438261
0.01243434556603246
0.01293108581044654
0.06747988838477147
4.030260477000089e-09
1.450715838513938e-08
7.892204128944305e-09
2.408354918476951e-06
5.202737250771778e-06
1.042565621283152e-05
5.616687616897535e-07
1.213506712687931e-06
2.420676489183687e-06
0.0001460542898638336
0.000238922703377914
0.0008033661499085123
4.964828057204707e-07
1.532671017242764e-06
6.366158225442519e-07
0.0001810832403667852
0.0002775902245846708
0.0006727193608641927
4.223652358724224e-05
6.475337232724622e-05
0.0001562067627112934
0.008401570660922895
0.008736988871362364
0.04559450735340086
5.448882226054238e-09
1.391764642108052e-08
7.013948824750085e-09
1.992411060540763e-06
2.724338535383714e-06
7.413509337168813e-06
4.647170760128075e-07
6.354945525132015e-07
1.721431329040932e-06
9.258559055387187e-05
9.288292189358393e-05
0.0005025364366687475
4.574230806251903e-07
6.965182816579562e-07
3.757784089153082e-07
9.224909570131472e-05
0.000144708825960512
0.0002659165439493177
2.15184971048955e-05
3.375594442236386e-05
6.175010873338414e-05
0.003232988007849266
0.004653516482734307
0.01604655833725951
1.115999242396641e-09
2.715446658355887e-09
1.441614317809586e-09
4.092458572654016e-07
5.439423131950967e-07
1.525086444176531e-06
9.545389797940156e-08
1.268823605600273e-07
3.54127929763307e-07
1.90545440857741e-05
1.895161585143401e-05
0.000103441612865113
9.361610438906319e-08
1.429325187814967e-07
7.720614052515363e-08
1.89276479759352e-05
2.974223221015434e-05
5.470270151559723e-05
4.415157149348862e-06
6.93790963603644e-06
1.270284458522785e-05
0.0006650141197106281
0.0009579040662588954
0.003303459081417387
1.022501977287551e-09
1.27413928850174e-09
8.486913344064139e-10
2.075262862909022e-07
2.91272736184644e-07
6.022216261459471e-07
4.840856762243215e-08
6.794322266633301e-08
1.398454568970528e-07
7.318346705848586e-06
1.027002237510768e-05
3.640006041917142e-05
4.138582213566374e-08
7.363984550904536e-08
3.321305123768138e-08
9.833508596607704e-06
1.257349747333804e-05
2.913769335680931e-05
2.293788710950927e-06
2.933055139274895e-06
6.765960453583631e-06
0.0003583063349262621
0.000372297947776597
0.001907220596504978

1.062128058785485e-10
8.411934705168276e-08
1.961645699484438e-08
5.606779094899723e-06
5.443358533143628e-09
2.98459598631907e-06
6.960342284323573e-07
0.0001819844319779498
5.998701889802836e-11
3.289682848921912e-08
7.671831625813233e-09
2.006001919735409e-06
3.376700845553528e-09
1.886909745406416e-06
4.402476488254624e-07

1.200868655646492e-10
2.254560737448181e-10
1.947165510333087e-10
5.866094358595623e-08
6.588208100274248e-08
2.400513062032996e-07
1.368128531742102e-08
1.53664288915635e-08
5.573740288017558e-08
3.256602961772311e-06
3.092760654874334e-06
1.785360508928492e-05
7.92114994553751e-09
1.71139749281099e-08
8.722472727657196e-09
2.31766337999122e-06
4.454105178056897e-06
8.286947791382231e-06
5.405777720753127e-07
1.038952781389657e-06
1.924219225136721e-06
0.0001088785182715028
0.0001699472463665131
0.0005761519411668476
8.722866149533009e-11
1.594834104532957e-10
9.613046413586349e-11
2.553756399620665e-08
4.52725740466786e-08
9.134230090187703e-08
5.956447279876472e-09
1.056009028062468e-08
2.120957034785159e-08
1.200073681589845e-06
1.784446799877675e-06
6.350907255004716e-06
5.27743431287599e-09
1.247206682393817e-08
5.348548037429924e-09
1.549713843655715e-06
2.201633526726275e-06
5.227483189410275e-06
3.614802181333381e-07
5.135773036195517e-07
1.213841661747826e-06
6.169807865073858e-05
6.752527791539141e-05
0.0003500513353591677

1.498586881105228e-08
1.446947647415491e-05
3.374103803980757e-06
0.001041959818507975
5.477486683402512e-07
0.000485285264998645
0.0001131646251386432
0.03385394792390833
6.03637090631604e-09
5.349096301831342e-06
1.247366254622482e-06
0.0003731735119774591
5.534224979759015e-07
0.0003553446819139359
8.287033770936511e-05
0.02122849901100651
4.078454210429961e-09
3.614222036693252e-06
8.428075198079322e-07
0.0002521437679730839
3.739320208428561e-07
0.0002400975015685002
5.599341097871039e-05
0.01434356361675616
4.119139512450956e-09
2.645813700977297e-06
6.170331438312039e-07
0.0001580907343327787
2.617526266133954e-07
0.0001002502681888644
2.338116090553025e-05
0.005119605231005873
8.462592236994386e-10
5.442219516281197e-07
1.269185596928639e-07
3.254063762904101e-05
5.375676879806427e-08
2.061817082857856e-05
4.808731114260561e-06
0.001053897319896374
5.905925390921555e-10
2.269189548698765e-07
5.292378930312299e-08
1.161180288036974e-05
2.281864621892214e-08
1.084043107646333e-05
2.528195792833128e-06
0.0006056995206035214

-7.553560818406609e-95
8.663947627149357e-42
-1.027380431637675e-67
2.001385049427375e-41
-7.037101483041789e-43
-1.692307798039164e-33
6.55491066809574e-32
0.0005869835387728293
5.365072926767314e-39
-1.505143178191736e-65
1.08078276235987e-38
-1.338327678795271e-39
-1.03879188982709e-32
-2.257788813927373e-32
0.007827771828131352

-5.516861559341757e-92
1.306492967171708e-38
-9.823486752768514e-65
2.001583843661439e-38
-9.729398024414489e-40
-1.436757181690279e-32
2.500449816940473e-32
0.005563363207202621
1.618104614663436e-35
-2.252171836240933e-62
1.626753928782844e-35
-3.961278789890554e-36
-8.817387883574967e-32
-2.519701179894173e-31
0.07419072578282367
0.09320284103161468
-1.537173357648987e-114
4.541490893863778e-90
7.803744301604983e-88
-8.335379746246482e-64
-9.794445130651193e-63
-8.244377100447114e-39
-4.503949065904306e-38
3.049122319279796e-09
7.6508546458509e-91
4.716124085979721e-88
-1.14241912478167e-63
-8.657975609235251e-62
-5.060828215964596e-38
-8.566659398125656e-37
4.066185525606407e-08
3.167847802041843e-07
-4.173382694179351e-97
5.459557976294839e-44
-3.412464017216032e-70
1.861305733112387e-43
-5.325892951197962e-45
-1.690771469682479e-33
6.039002169284273e-32
0.0005348590730808966
2.186859328293538e-41
-4.725010068161583e-68
7.102582171912853e-41
-4.418651373729162e-42
-1.037835657600019e-32
-2.285329109904351e-32
0.007132661654990791
0.007132661597346266

4.638597491645682e-06
4.510733080897672e-07
3.082512502192702e-10
4.187936208360159e-06
4.367327308758848e-10
2.582183479164069e-10
9.658143655150677e-10
2.498059349905963e-10
6.326105616857576e-14
1.754674260639185e-10
4.288982864746828e-14

0.1999016065174932
1.292222772903596e-06
1.329096889258729e-05
4.200518081838135e-05
1.12515123657096e-05
2.990397128210693e-09
1.323887155429009e-05
2.560473332195202e-09
6.826855477957656e-10
1.794373411969025e-09
3.53384700079072e-10
1.458161734131873e-13
0.199896973437507
3.559319814233823e-06
1.329072379426586e-05
4.201004006250571e-05
1.125183917721949e-05
2.789271268578246e-09
1.323810648804186e-05
2.164123352706701e-09
6.826266697626703e-10
1.119948307781137e-09
3.532395204928666e-10
6.951369503511395e-14
1.3843966829861e-05
1.816127117263779e-06
9.19819687475299e-10
1.202913836321264e-05
1.375827962287282e-09
7.132492508694985e-10
2.489006444747074e-09
6.571716925853708e-10
1.58442763647108e-13
3.794424662309536e-10
9.147897855654214e-14
2.627763036902547e-14

qh= 2.950990267143502
psi= 214.1699016147962
nad= -5.63168470998546e-30
pyr= 0.005
suc= 0.05540261348223136
fum= 6.735825794568962
oa= -2.209312884469495e-30
cit= 0.002838024270063663
c1c= 0.2621525722853993
