Time(min) prod sp3 fsc2 qsc2 fum Bypass qh psi fc1 [Ca²⁺]μM lk fc2
0.02 8.56381 0.074383 1.67719e-05 0.199988 6.08374 0 2.13893 214.117 0 0 21.4099 2.46845
0.04 8.51514 0.0857669 1.55706e-05 0.199989 5.56726 0 1.31104 213.979 0 0 21.2804 2.2917
0.06 8.31043 0.0944148 1.45125e-05 0.19999 5.11238 0 0.466498 213.334 0 0 20.6834 2.13602
0.08 5.16395 0.0492976 1.35808e-05 0.19999 4.71181 0 0.0203577 201.809 0 0 12.4545 1.99893
0.1 3.92597 0.0279369 1.27603e-05 0.199991 4.35906 0 0.0113916 196.195 0 0 9.74756 1.87821
0.12 3.63332 0.0233148 1.20378e-05 0.199991 4.04843 0 0.00972962 194.496 0 0 9.04561 1.7719
0.14 3.43128 0.0203123 1.14016e-05 0.199991 3.77489 0 0.00865281 193.207 0 0 8.54514 1.67828
0.16 3.25711 0.017915 1.08413e-05 0.199991 3.53401 0 0.00779966 192.03 0 0 8.11229 1.59584
0.18 3.10392 0.0159675 1.03479e-05 0.199992 3.32189 0 0.00710566 190.943 0 0 7.7317 1.52325
0.2 2.96901 0.0143813 9.91343e-06 0.199992 3.13509 0 0.00653532 189.942 0 0 7.39672 1.45932
0.22 2.8502 0.0130857 9.53083e-06 0.199992 2.9706 0 0.00606285 189.023 0 0 7.10192 1.40302
0.24 2.74559 0.0120236 9.19396e-06 0.199992 2.82577 0 0.0056688 188.183 0 0 6.84254 1.35346
0.26 2.65349 0.0111492 8.89733e-06 0.199992 2.69824 0 0.00533809 187.417 0 0 6.61431 1.30981
0.28 2.57239 0.0104257 8.63611e-06 0.199992 2.58593 0 0.00505899 186.721 0 0 6.41347 1.27137
0.3 2.50099 0.00982437 8.40606e-06 0.199993 2.48702 0 0.00482231 186.091 0 0 6.23673 1.23752
0.32 2.43812 0.00932207 8.20348e-06 0.199993 2.39993 0 0.00462073 185.522 0 0 6.08119 1.20772
0.34 2.38278 0.00890056 8.02508e-06 0.199993 2.32323 0 0.00444839 185.009 0 0 5.94431 1.18146
0.36 2.33405 0.00854527 7.86797e-06 0.199993 2.25568 0 0.00430054 184.547 0 0 5.82383 1.15835
0.38 2.29115 0.00824454 7.72962e-06 0.199993 2.1962 0 0.00417331 184.134 0 0 5.7178 1.13799
0.4 2.25338 0.00798899 7.60778e-06 0.199993 2.14381 0 0.00406353 183.763 0 0 5.62447 1.12006
0.42 2.22013 0.00777105 7.50048e-06 0.199993 2.09768 0 0.00396859 183.432 0 0 5.54232 1.10427
0.44 2.19085 0.00758456 7.406e-06 0.199993 2.05706 0 0.00388629 183.136 0 0 5.47 1.09037
0.46 2.16507 0.0074245 7.32279e-06 0.199993 2.02128 0 0.00381483 182.873 0 0 5.40634 1.07813
0.48 2.14238 0.00728674 7.24951e-06 0.199993 1.98978 0 0.00375268 182.638 0 0 5.35029 1.06734
0.5 2.1224 0.00716787 7.18498e-06 0.199993 1.96203 0 0.00369853 182.43 0 0 5.30095 1.05785
0.52 2.1048 0.00706509 7.12815e-06 0.199993 1.9376 0 0.00365131 182.245 0 0 5.25752 1.04949
0.54 2.08931 0.00697602 7.0781e-06 0.199993 1.91609 0 0.00361007 182.081 0 0 5.21927 1.04212
0.56 2.07567 0.0068987 7.03403e-06 0.199993 1.89714 0 0.00357403 181.935 0 0 5.1856 1.03564
0.58 2.06366 0.00683147 6.99522e-06 0.199993 1.88045 0 0.00354249 181.806 0 0 5.15595 1.02993
0.6 2.05309 0.00677292 6.96104e-06 0.199993 1.86576 0 0.00351489 181.692 0 0 5.12985 1.0249
0.62 2.04377 0.00672188 6.93094e-06 0.199993 1.85281 0 0.0034907 181.591 0 0 5.10686 1.02047
0.64 2.03557 0.00667733 6.90443e-06 0.199993 1.84142 0 0.00346949 181.502 0 0 5.08662 1.01657
0.66 2.02835 0.00663839 6.88109e-06 0.199993 1.83138 0 0.00345089 181.423 0 0 5.0688 1.01313
0.68 2.02199 0.00660434 6.86053e-06 0.199993 1.82254 0 0.00343457 181.353 0 0 5.05311 1.01011
0.7 2.0164 0.00657454 6.84243e-06 0.199993 1.81476 0 0.00342023 181.292 0 0 5.03929 1.00745
0.72 2.01147 0.00654844 6.82648e-06 0.199993 1.80791 0 0.00340765 181.237 0 0 5.02712 1.0051
0.74 2.00712 0.00652556 6.81244e-06 0.199993 1.80187 0 0.00339659 181.189 0 0 5.01641 1.00303
0.76 2.0033 0.00650549 6.80008e-06 0.199993 1.79655 0 0.00338687 181.147 0 0 5.00697 1.00121
0.78 1.99993 0.00648788 6.78919e-06 0.199993 1.79187 0 0.00337833 181.11 0 0 4.99866 0.999612
0.8 1.99697 0.00647242 6.7796e-06 0.199993 1.78775 0 0.00337081 181.077 0 0 4.99134 0.998201
0.82 1.99436 0.00645885 6.77115e-06 0.199993 1.78412 0 0.00336421 181.048 0 0 4.9849 0.996958
0.84 1.99206 0.00644693 6.76371e-06 0.199993 1.78092 0 0.0033584 181.022 0 0 4.97922 0.995864
0.86 1.99003 0.00643646 6.75717e-06 0.199993 1.7781 0 0.00335329 181 0 0 4.97422 0.9949
0.88 1.98825 0.00642725 6.7514e-06 0.199993 1.77562 0 0.00334879 180.98 0 0 4.96982 0.994052
0.9 1.98668 0.00641916 6.74632e-06 0.199993 1.77344 0 0.00334484 180.962 0 0 4.96595 0.993304
0.92 1.9853 0.00641204 6.74185e-06 0.199993 1.77152 0 0.00334136 180.947 0 0 4.96254 0.992646
0.94 1.98408 0.00640579 6.73791e-06 0.199993 1.76982 0 0.00333829 180.933 0 0 4.95953 0.992067
0.96 1.98301 0.00640028 6.73444e-06 0.199993 1.76833 0 0.0033356 180.921 0 0 4.95689 0.991556
0.98 1.98206 0.00639544 6.73139e-06 0.199993 1.76702 0 0.00333323 180.911 0 0 4.95456 0.991107
1.02 1.98057 2.07069e-05 6.7287e-06 0.199993 1.76586 0 0.00231144 0.894063 0 18.5153 2.20954e-05 0.990712
1.04 1.97967 2.38392e-05 6.72633e-06 0.199993 1.76485 0 0.00231189 4.31847 0 17.3288 0.000121055 0.990363
1.06 1.97887 2.78418e-05 6.72424e-06 0.199993 1.76395 0 0.00231277 8.07712 0 16.1429 0.000261931 0.990056
1.08 1.97808 3.30702e-05 6.72241e-06 0.199993 1.76316 0 0.00231406 12.2321 0 14.9576 0.000466308 0.989786
1.1 1.97728 4.00876e-05 6.72079e-06 0.199993 1.76246 0 0.00231587 16.8672 0 13.7731 0.000770314 0.989548
1.12 1.97641 4.98188e-05 6.71936e-06 0.199993 1.76185 0 0.00231836 22.0943 0 12.5893 0.00123716 0.989338
1.14 1.97537 6.38627e-05 6.71811e-06 0.199993 1.76131 0 0.00232178 28.0668 0 11.4065 0.00198385 0.989154
1.16 1.97404 8.51585e-05 6.71701e-06 0.199993 1.76084 0 0.00232656 35.0008 0 10.2249 0.00324242 0.988991
1.18 1.97214 0.00011952 6.71603e-06 0.199993 1.76042 0 0.00233345 43.2106 0 9.04497 0.00551437 0.988848
1.2 1.96909 0.000179493 6.71518e-06 0.199993 1.76005 0 0.00234386 53.1702 0 7.86759 0.0100082 0.988722
1.22 1.96358 0.000294767 6.71442e-06 0.199993 1.75973 0 0.0023607 65.6117 0 6.69459 0.0200697 0.988611
1.24 1.95249 0.000540257 6.71376e-06 0.199993 1.75944 0 0.00239057 81.6431 0 5.53022 0.0466897 0.988513
1.26 1.92924 0.00108071 6.71317e-06 0.199993 1.75919 0 0.00244878 102.549 0 4.38612 0.132607 0.988427
1.28 1.8937 0.001987 6.71266e-06 0.199993 1.75897 0 0.00256157 127.442 0 3.29665 0.435116 0.988351
1.3 1.88168 0.0028033 6.7122e-06 0.199993 1.75877 0 0.00272734 148.991 0 2.34001 1.1776 0.988285
1.32 1.90003 0.00345745 6.71181e-06 0.199993 1.7586 0 0.00289255 162.209 0 1.5927 2.14474 0.988226
1.34 1.92194 0.00411114 6.71145e-06 0.199993 1.75845 0 0.00302409 169.636 0 1.0579 2.99491 0.988174
1.36 1.93908 0.00471636 6.71114e-06 0.199993 1.75832 0 0.00311971 173.94 0 0.692974 3.63125 0.988128
1.38 1.95126 0.00521099 6.71087e-06 0.199993 1.7582 0 0.00318621 176.526 0 0.450213 4.07557 0.988088
1.4 1.95956 0.00558098 6.71063e-06 0.199993 1.7581 0 0.0032312 178.117 0 0.291042 4.37509 0.988053
1.42 1.9651 0.00584251 6.71042e-06 0.199993 1.75801 0 0.00326107 179.11 0 0.187562 4.57308 0.988022
1.44 1.96873 0.00602084 6.71023e-06 0.199993 1.75793 0 0.00328065 179.737 0 0.120639 4.70242 0.987994
1.46 1.97109 0.00613972 6.71007e-06 0.199993 1.75786 0 0.00329337 180.134 0 0.0774992 4.78631 0.98797
1.48 1.9726 0.00621781 6.70992e-06 0.199993 1.75779 0 0.00330157 180.387 0 0.0497471 4.84047 0.987949
1.52 1.97501 2.05638e-05 6.7098e-06 0.199993 1.75774 0 0.00230483 0.727487 0 18.523 1.77095e-05 0.98793
1.54 1.97477 2.36771e-05 6.70969e-06 0.199993 1.75769 0 0.00230605 4.15464 0 17.3396 0.000115458 0.987914
1.56 1.97455 2.76524e-05 6.70959e-06 0.199993 1.75765 0 0.0023076 7.91346 0 16.1564 0.000254606 0.987899
1.58 1.97429 3.28412e-05 6.7095e-06 0.199993 1.75761 0 0.00230949 12.0656 0 14.9736 0.000456414 0.987887
1.6 1.97394 3.97994e-05 6.70942e-06 0.199993 1.75758 0 0.00231182 16.6943 0 13.7912 0.000756436 0.987875
1.62 1.97347 4.9439e-05 6.70936e-06 0.199993 1.75755 0 0.00231475 21.9109 0 12.6093 0.0012168 0.987865
1.64 1.9728 6.33346e-05 6.7093e-06 0.199993 1.75752 0 0.00231856 27.8674 0 11.4282 0.00195229 0.987857
1.66 1.97179 8.43757e-05 6.70924e-06 0.199993 1.7575 0 0.00232365 34.778 0 10.248 0.0031901 0.987849
1.68 1.97019 0.000118267 6.7092e-06 0.199993 1.75748 0 0.00233078 42.9542 0 9.0693 0.00541996 0.987842
1.7 1.96742 0.000177283 6.70916e-06 0.199993 1.75746 0 0.00234134 52.8646 0 7.89297 0.00981804 0.987836
1.72 1.96224 0.00029042 6.70912e-06 0.199993 1.75745 0 0.00235819 65.2333 0 6.72081 0.0196265 0.987831
1.74 1.95156 0.000530854 6.70909e-06 0.199993 1.75743 0 0.00238776 81.1587 0 5.557 0.0454433 0.987826
1.76 1.92893 0.00106108 6.70906e-06 0.199993 1.75742 0 0.00244506 101.933 0 4.41286 0.128334 0.987822
1.78 1.89356 0.00196208 6.70904e-06 0.199993 1.75741 0 0.00255624 126.791 0 3.32183 0.420881 0.987819
1.8 1.88056 0.00278514 6.70902e-06 0.199993 1.7574 0 0.00272125 148.535 0 2.3611 1.15114 0.987815
1.82 1.89857 0.00343999 6.709e-06 0.199993 1.75739 0 0.00288706 161.949 0 1.60843 2.11746 0.987813
1.84 1.92065 0.00409339 6.70898e-06 0.199993 1.75739 0 0.00301962 169.485 0 1.06887 2.97294 0.98781
1.86 1.93803 0.00470044 6.70897e-06 0.199993 1.75738 0 0.00311619 173.849 0 0.700354 3.61515 0.987808
1.88 1.9504 0.00519802 6.70895e-06 0.199993 1.75738 0 0.00318345 176.468 0 0.455094 4.0642 0.987806
1.9 1.95886 0.00557101 6.70894e-06 0.199993 1.75737 0 0.00322903 178.079 0 0.294228 4.36719 0.987805
1.92 1.96452 0.00583504 6.70893e-06 0.199993 1.75737 0 0.00325935 179.085 0 0.189629 4.5676 0.987803
1.94 1.96825 0.0060153 6.70892e-06 0.199993 1.75736 0 0.00327926 179.72 0 0.121976 4.69858 0.987802
1.96 1.97068 0.00613559 6.70892e-06 0.199993 1.75736 0 0.00329223 180.122 0 0.0783611 4.78359 0.987801
1.98 1.97226 0.00621469 6.70891e-06 0.199993 1.75736 0 0.00330062 180.378 0 0.0503016 4.83851 0.9878
2.02 1.97475 2.05573e-05 6.7089e-06 0.199993 1.75735 0 0.00230452 0.719913 0 18.5232 1.76147e-05 0.987799
2.04 1.97453 2.36698e-05 6.7089e-06 0.199993 1.75735 0 0.00230577 4.14723 0 17.34 0.000115353 0.987798
2.06 1.97435 2.76439e-05 6.70889e-06 0.199993 1.75735 0 0.00230736 7.9061 0 16.157 0.000254488 0.987797
2.08 1.97411 3.2831e-05 6.70889e-06 0.199993 1.75735 0 0.00230927 12.0581 0 14.9743 0.000456281 0.987797
2.1 1.97378 3.97866e-05 6.70889e-06 0.199993 1.75735 0 0.00231163 16.6866 0 13.792 0.000756283 0.987796
2.12 1.97333 4.94222e-05 6.70888e-06 0.199993 1.75735 0 0.00231458 21.9028 0 12.6102 0.00121662 0.987796
2.14 1.97268 6.33114e-05 6.70888e-06 0.199993 1.75734 0 0.0023184 27.8586 0 11.4291 0.00195208 0.987795
2.16 1.97169 8.43414e-05 6.70888e-06 0.199993 1.75734 0 0.00232351 34.7682 0 10.249 0.00318985 0.987795
2.18 1.97009 0.000118212 6.70887e-06 0.199993 1.75734 0 0.00233066 42.9429 0 9.07033 0.00541965 0.987795
2.2 1.96734 0.000177187 6.70887e-06 0.199993 1.75734 0 0.00234122 52.8512 0 7.89406 0.00981766 0.987794
2.22 1.96216 0.000290232 6.70887e-06 0.199993 1.75734 0 0.00235807 65.2168 0 6.72194 0.0196261 0.987794
2.24 1.9515 0.000530448 6.70887e-06 0.199993 1.75734 0 0.00238763 81.1376 0 5.55816 0.045443 0.987794
2.26 1.92888 0.00106023 6.70887e-06 0.199993 1.75734 0 0.00244489 101.906 0 4.41402 0.128335 0.987794
2.28 1.89351 0.00196099 6.70887e-06 0.199993 1.75734 0 0.002556 126.763 0 3.32292 0.420888 0.987793
2.3 1.88051 0.00278435 6.70887e-06 0.199993 1.75734 0 0.00272097 148.515 0 2.36203 1.15115 0.987793
2.32 1.89853 0.00343923 6.70887e-06 0.199993 1.75734 0 0.00288682 161.937 0 1.60911 2.11746 0.987793
2.34 1.92062 0.00409261 6.70886e-06 0.199993 1.75734 0 0.00301942 169.478 0 1.06935 2.97293 0.987793
2.36 1.938 0.00469973 6.70886e-06 0.199993 1.75734 0 0.00311603 173.845 0 0.700684 3.61511 0.987793
2.38 1.95037 0.00519744 6.70886e-06 0.199993 1.75734 0 0.00318333 176.465 0 0.455308 4.06416 0.987793
2.4 1.95883 0.00557057 6.70886e-06 0.199993 1.75734 0 0.00322893 178.077 0 0.294367 4.36715 0.987793
2.42 1.9645 0.0058347 6.70886e-06 0.199993 1.75734 0 0.00325927 179.084 0 0.189721 4.56755 0.987793
2.44 1.96823 0.00601505 6.70886e-06 0.199993 1.75734 0 0.0032792 179.719 0 0.122035 4.69855 0.987793
2.46 1.97066 0.0061354 6.70886e-06 0.199993 1.75734 0 0.00329217 180.121 0 0.0783987 4.78356 0.987793
2.48 1.97224 0.00621455 6.70886e-06 0.199993 1.75734 0 0.00330058 180.378 0 0.0503258 4.83848 0.987793
2.52 1.97473 2.0557e-05 6.70886e-06 0.199993 1.75734 0 0.0023045 0.71956 0 18.5233 1.7848e-05 0.987792
2.54 1.97452 2.36694e-05 6.70886e-06 0.199993 1.75734 0 0.00230576 4.14689 0 17.34 0.000115684 0.987792
2.56 1.97434 2.76435e-05 6.70886e-06 0.199993 1.75734 0 0.00230735 7.90575 0 16.157 0.000254965 0.987792
2.58 1.9741 3.28305e-05 6.70886e-06 0.199993 1.75734 0 0.00230926 12.0578 0 14.9743 0.000456981 0.987792
2.6 1.97378 3.9786e-05 6.70886e-06 0.199993 1.75734 0 0.00231162 16.6862 0 13.792 0.000757342 0.987792
2.62 1.97332 4.94214e-05 6.70886e-06 0.199993 1.75734 0 0.00231458 21.9024 0 12.6102 0.00121827 0.987792
2.64 1.97267 6.33104e-05 6.70886e-06 0.199993 1.75734 0 0.0023184 27.8582 0 11.4291 0.00195479 0.987792
2.66 1.97168 8.43398e-05 6.70886e-06 0.199993 1.75734 0 0.00232351 34.7678 0 10.249 0.00319454 0.987792
2.68 1.97008 0.00011821 6.70886e-06 0.199993 1.75734 0 0.00233065 42.9424 0 9.07038 0.00542842 0.987792
2.7 1.96733 0.000177183 6.70886e-06 0.199993 1.75734 0 0.00234122 52.8506 0 7.89411 0.00983582 0.987792
2.72 1.96214 0.000290223 6.70886e-06 0.199993 1.75734 0 0.00235807 65.2161 0 6.722 0.0196692 0.987792
2.74 1.95145 0.000530428 6.70886e-06 0.199993 1.75734 0 0.00238763 81.1366 0 5.55821 0.0455661 0.987792
2.76 1.92878 0.00106019 6.70886e-06 0.199993 1.75734 0 0.00244489 101.905 0 4.41407 0.128761 0.987792
2.78 1.89342 0.00196094 6.70886e-06 0.199993 1.75734 0 0.00255599 126.761 0 3.32298 0.42232 0.987792
2.8 1.88053 0.00278431 6.70886e-06 0.199993 1.75734 0 0.00272095 148.514 0 2.36206 1.15384 0.987792
2.82 1.8986 0.00343919 6.70886e-06 0.199993 1.75734 0 0.00288681 161.936 0 1.60915 2.12021 0.987792
2.84 1.92067 0.00409257 6.70886e-06 0.199993 1.75734 0 0.00301942 169.478 0 1.06937 2.9751 0.987792
2.86 1.93804 0.0046997 6.70886e-06 0.199993 1.75734 0 0.00311602 173.845 0 0.700694 3.61668 0.987792
2.88 1.9504 0.00519741 6.70886e-06 0.199993 1.75734 0 0.00318332 176.465 0 0.455319 4.06523 0.987792
2.9 1.95885 0.00557055 6.70886e-06 0.199993 1.75734 0 0.00322893 178.077 0 0.294374 4.36786 0.987792
2.92 1.96451 0.00583469 6.70886e-06 0.199994 1.75734 0 0.00325927 179.084 0 0.189724 4.56802 0.987792
2.94 1.96823 0.00601504 6.70886e-06 0.199994 1.75734 0 0.00327919 179.719 0 0.122037 4.69885 0.987792
2.96 1.97067 0.00613539 6.70886e-06 0.199994 1.75734 0 0.00329217 180.121 0 0.0784007 4.78375 0.987792
2.98 1.97224 0.00621454 6.70886e-06 0.199994 1.75734 0 0.00330058 180.378 0 0.0503271 4.8386 0.987792
3.02 1.97473 2.0557e-05 6.70886e-06 0.199994 1.75734 0 0.0023045 0.719538 0 18.5233 1.77544e-05 0.987792
3.04 1.97452 2.36694e-05 6.70886e-06 0.199994 1.75734 0 0.00230576 4.14687 0 17.34 0.000115552 0.987792
3.06 1.97434 2.76435e-05 6.70886e-06 0.199994 1.75734 0 0.00230735 7.90573 0 16.157 0.000254776 0.987792
3.08 1.9741 3.28305e-05 6.70886e-06 0.199994 1.75734 0 0.00230926 12.0577 0 14.9743 0.000456704 0.987792
3.1 1.97378 3.97859e-05 6.70886e-06 0.199994 1.75734 0 0.00231162 16.6862 0 13.792 0.000756923 0.987792
3.12 1.97332 4.94214e-05 6.70886e-06 0.199994 1.75734 0 0.00231458 21.9024 0 12.6102 0.00121762 0.987792
3.14 1.97267 6.33102e-05 6.70886e-06 0.199994 1.75734 0 0.0023184 27.8582 0 11.4291 0.00195372 0.987792
3.16 1.97168 8.43397e-05 6.70886e-06 0.199994 1.75734 0 0.00232351 34.7677 0 10.249 0.00319269 0.987792
3.18 1.97008 0.00011821 6.70886e-06 0.199994 1.75734 0 0.00233065 42.9424 0 9.07039 0.00542497 0.987792
3.2 1.96733 0.000177182 6.70886e-06 0.199994 1.75734 0 0.00234122 52.8506 0 7.89411 0.00982868 0.987792
3.22 1.96215 0.000290223 6.70886e-06 0.199994 1.75734 0 0.00235807 65.216 0 6.722 0.0196523 0.987792
3.24 1.95147 0.000530427 6.70886e-06 0.199994 1.75734 0 0.00238763 81.1365 0 5.55822 0.0455178 0.987792
3.26 1.92882 0.00106019 6.70886e-06 0.199994 1.75734 0 0.00244489 101.905 0 4.41408 0.128594 0.987792
3.28 1.89346 0.00196094 6.70886e-06 0.199994 1.75734 0 0.00255599 126.761 0 3.32298 0.421758 0.987792
3.3 1.88052 0.00278431 6.70886e-06 0.199994 1.75734 0 0.00272095 148.514 0 2.36207 1.15279 0.987792
3.32 1.89857 0.00343919 6.70886e-06 0.199994 1.75734 0 0.00288681 161.936 0 1.60915 2.11913 0.987792
3.34 1.92065 0.00409257 6.70886e-06 0.199994 1.75734 0 0.00301942 169.478 0 1.06938 2.97425 0.987792
3.36 1.93802 0.0046997 6.70886e-06 0.199994 1.75734 0 0.00311602 173.845 0 0.700695 3.61606 0.987792
3.38 1.95039 0.00519741 6.70886e-06 0.199994 1.75734 0 0.00318332 176.465 0 0.455319 4.06481 0.987792
3.4 1.95885 0.00557054 6.70886e-06 0.199994 1.75734 0 0.00322893 178.077 0 0.294375 4.36758 0.987792
3.42 1.9645 0.00583469 6.70886e-06 0.199994 1.75734 0 0.00325927 179.084 0 0.189724 4.56784 0.987792
3.44 1.96823 0.00601504 6.70886e-06 0.199994 1.75734 0 0.00327919 179.719 0 0.122036 4.69873 0.987792
3.46 1.97066 0.00613539 6.70886e-06 0.199994 1.75734 0 0.00329217 180.121 0 0.0784008 4.78367 0.987792
3.48 1.97224 0.00621454 6.70886e-06 0.199994 1.75734 0 0.00330058 180.378 0 0.0503272 4.83855 0.987792
3.52 1.97474 2.0557e-05 6.70886e-06 0.199994 1.75734 0 0.0023045 0.71954 0 18.5233 1.75477e-05 0.987792
3.54 1.97452 2.36694e-05 6.70886e-06 0.199994 1.75734 0 0.00230576 4.14687 0 17.34 0.000115259 0.987792
3.56 1.97434 2.76435e-05 6.70886e-06 0.199994 1.75734 0 0.00230735 7.90573 0 16.157 0.000254356 0.987792
3.58 1.9741 3.28305e-05 6.70886e-06 0.199994 1.75734 0 0.00230926 12.0577 0 14.9743 0.000456088 0.987792
3.6 1.97378 3.97859e-05 6.70886e-06 0.199994 1.75734 0 0.00231162 16.6862 0 13.792 0.000755996 0.987792
3.62 1.97333 4.94215e-05 6.70886e-06 0.199994 1.75734 0 0.00231458 21.9024 0 12.6102 0.00121617 0.987792
3.64 1.97267 6.33102e-05 6.70886e-06 0.199994 1.75734 0 0.0023184 27.8582 0 11.4291 0.00195136 0.987792
3.66 1.97168 8.43397e-05 6.70886e-06 0.199994 1.75734 0 0.00232351 34.7677 0 10.249 0.0031886 0.987792
3.68 1.97009 0.00011821 6.70886e-06 0.199994 1.75734 0 0.00233065 42.9424 0 9.07039 0.00541733 0.987792
3.7 1.96734 0.000177183 6.70886e-06 0.199994 1.75734 0 0.00234122 52.8506 0 7.89411 0.00981288 0.987792
3.72 1.96217 0.000290223 6.70886e-06 0.199994 1.75734 0 0.00235807 65.216 0 6.722 0.0196147 0.987792
3.74 1.95151 0.000530427 6.70886e-06 0.199994 1.75734 0 0.00238763 81.1365 0 5.55822 0.0454106 0.987792
3.76 1.9289 0.00106019 6.70886e-06 0.199994 1.75734 0 0.00244489 101.905 0 4.41408 0.128223 0.987792
3.78 1.89354 0.00196094 6.70886e-06 0.199994 1.75734 0 0.00255599 126.761 0 3.32298 0.420513 0.987792
3.8 1.8805 0.00278431 6.70886e-06 0.199994 1.75734 0 0.00272095 148.514 0 2.36207 1.15045 0.987792
3.82 1.89852 0.00343919 6.70886e-06 0.199994 1.75734 0 0.00288681 161.936 0 1.60915 2.11674 0.987792
3.84 1.9206 0.00409257 6.70886e-06 0.199994 1.75734 0 0.00301942 169.478 0 1.06938 2.97235 0.987792
3.86 1.93798 0.0046997 6.70886e-06 0.199994 1.75734 0 0.00311602 173.845 0 0.700694 3.6147 0.987792
3.88 1.95036 0.00519741 6.70886e-06 0.199994 1.75734 0 0.00318332 176.465 0 0.455319 4.06388 0.987792
3.9 1.95883 0.00557054 6.70886e-06 0.199994 1.75734 0 0.00322893 178.077 0 0.294375 4.36696 0.987792
3.92 1.96449 0.00583469 6.70886e-06 0.199994 1.75734 0 0.00325927 179.084 0 0.189724 4.56743 0.987792
3.94 1.96822 0.00601504 6.70886e-06 0.199994 1.75734 0 0.00327919 179.719 0 0.122036 4.69847 0.987792
3.96 1.97066 0.00613539 6.70886e-06 0.199994 1.75734 0 0.00329217 180.121 0 0.0784008 4.7835 0.987792
3.98 1.97224 0.00621454 6.70886e-06 0.199994 1.75734 0 0.00330058 180.378 0 0.0503272 4.83844 0.987792
4.02 1.97473 2.0557e-05 6.70886e-06 0.199994 1.75734 0 0.0023045 0.71954 0 18.5233 1.77172e-05 0.987792
4.04 1.97452 2.36694e-05 6.70886e-06 0.199994 1.75734 0 0.00230576 4.14687 0 17.34 0.000115499 0.987792
4.06 1.97434 2.76435e-05 6.70886e-06 0.199994 1.75734 0 0.00230735 7.90574 0 16.157 0.0002547 0.987792
4.08 1.9741 3.28305e-05 6.70886e-06 0.199994 1.75734 0 0.00230926 12.0577 0 14.9743 0.000456593 0.987792
4.1 1.97378 3.97859e-05 6.70886e-06 0.199994 1.75734 0 0.00231162 16.6862 0 13.792 0.000756756 0.987792
4.12 1.97332 4.94213e-05 6.70886e-06 0.199994 1.75734 0 0.00231458 21.9024 0 12.6102 0.00121736 0.987792
4.14 1.97267 6.33102e-05 6.70886e-06 0.199994 1.75734 0 0.0023184 27.8582 0 11.4291 0.00195329 0.987792
4.16 1.97168 8.43404e-05 6.70886e-06 0.199994 1.75734 0 0.00232351 34.7678 0 10.249 0.00319197 0.987792
4.18 1.97008 0.000118212 6.70886e-06 0.199994 1.75734 0 0.00233065 42.9425 0 9.07039 0.00542362 0.987792
4.2 1.96732 0.000177176 6.70886e-06 0.199994 1.75734 0 0.00234122 52.8508 0 7.89412 0.0098259 0.987792
4.22 1.96215 0.000290252 6.70886e-06 0.199994 1.75734 0 0.00235807 65.2162 0 6.722 0.0196457 0.987792
4.24 1.95147 0.000530425 6.70886e-06 0.199994 1.75734 0 0.00238763 81.1364 0 5.55822 0.0454983 0.987792
4.26 1.92884 0.00106019 6.70886e-06 0.199994 1.75734 0 0.00244489 101.905 0 4.41408 0.128527 0.987792
4.28 1.89348 0.00196094 6.70886e-06 0.199994 1.75734 0 0.00255599 126.761 0 3.32299 0.421534 0.987792
4.3 1.88052 0.00278431 6.70886e-06 0.199994 1.75734 0 0.00272095 148.514 0 2.36207 1.15236 0.987792
4.32 1.89856 0.00343919 6.70886e-06 0.199994 1.75734 0 0.00288681 161.937 0 1.60914 2.11871 0.987792
4.34 1.92064 0.00409258 6.70886e-06 0.199994 1.75734 0 0.00301942 169.478 0 1.06937 2.97391 0.987792
4.36 1.93801 0.00469969 6.70886e-06 0.199994 1.75734 0 0.00311602 173.844 0 0.700698 3.61581 0.987792
4.38 1.95038 0.00519742 6.70886e-06 0.199994 1.75734 0 0.00318332 176.465 0 0.455316 4.06464 0.987792
4.4 1.95884 0.00557054 6.70886e-06 0.199994 1.75734 0 0.00322893 178.077 0 0.294376 4.36747 0.987792
4.42 1.9645 0.00583469 6.70886e-06 0.199994 1.75734 0 0.00325926 179.084 0 0.189725 4.56776 0.987792
4.44 1.96823 0.00601504 6.70886e-06 0.199994 1.75734 0 0.00327919 179.719 0 0.122037 4.69868 0.987792
4.46 1.97066 0.00613539 6.70886e-06 0.199994 1.75734 0 0.00329217 180.121 0 0.0784003 4.78364 0.987792
4.48 1.97224 0.00621454 6.70886e-06 0.199994 1.75734 0 0.00330058 180.378 0 0.0503269 4.83853 0.987792
4.52 1.97474 2.0557e-05 6.70886e-06 0.199994 1.75734 0 0.0023045 0.719539 0 18.5233 1.75259e-05 0.987792
4.54 1.97452 2.36694e-05 6.70886e-06 0.199994 1.75734 0 0.00230576 4.14687 0 17.34 0.000115228 0.987792
4.56 1.97434 2.76435e-05 6.70886e-06 0.199994 1.75734 0 0.00230735 7.90574 0 16.157 0.000254312 0.987792
4.58 1.9741 3.28305e-05 6.70886e-06 0.199994 1.75734 0 0.00230926 12.0577 0 14.9743 0.000456024 0.987792
4.6 1.97378 3.9786e-05 6.70886e-06 0.199994 1.75734 0 0.00231162 16.6862 0 13.792 0.000755899 0.987792
4.62 1.97333 4.94214e-05 6.70886e-06 0.199994 1.75734 0 0.00231458 21.9024 0 12.6102 0.00121602 0.987792
4.64 1.97267 6.33102e-05 6.70886e-06 0.199994 1.75734 0 0.0023184 27.8582 0 11.4291 0.00195111 0.987792
4.66 1.97168 8.43397e-05 6.70886e-06 0.199994 1.75734 0 0.00232351 34.7677 0 10.249 0.00318817 0.987792
4.68 1.97009 0.00011821 6.70886e-06 0.199994 1.75734 0 0.00233065 42.9424 0 9.07039 0.00541653 0.987792
4.7 1.96734 0.000177183 6.70886e-06 0.199994 1.75734 0 0.00234122 52.8506 0 7.89411 0.00981121 0.987792
4.72 1.96217 0.000290223 6.70886e-06 0.199994 1.75734 0 0.00235807 65.216 0 6.722 0.0196108 0.987792
4.74 1.95151 0.000530427 6.70886e-06 0.199994 1.75734 0 0.00238763 81.1365 0 5.55822 0.0453993 0.987792
4.76 1.92892 0.0010602 6.70886e-06 0.199994 1.75734 0 0.00244489 101.905 0 4.41408 0.128187 0.987792
4.78 1.89355 0.00196094 6.70886e-06 0.199994 1.75734 0 0.00255599 126.761 0 3.32298 0.420382 0.987792
4.8 1.8805 0.00278431 6.70886e-06 0.199994 1.75734 0 0.00272095 148.514 0 2.36207 1.1502 0.987792
4.82 1.89851 0.00343919 6.70886e-06 0.199994 1.75734 0 0.00288681 161.937 0 1.60914 2.11649 0.987792
4.84 1.9206 0.00409258 6.70886e-06 0.199994 1.75734 0 0.00301942 169.478 0 1.06937 2.97216 0.987792
4.86 1.93798 0.00469969 6.70886e-06 0.199994 1.75734 0 0.00311602 173.844 0 0.700698 3.61455 0.987792
4.88 1.95036 0.00519742 6.70886e-06 0.199994 1.75734 0 0.00318332 176.465 0 0.455317 4.06378 0.987792
4.9 1.95883 0.00557054 6.70886e-06 0.199994 1.75734 0 0.00322893 178.077 0 0.294377 4.36689 0.987792
4.92 1.96449 0.00583469 6.70886e-06 0.199994 1.75734 0 0.00325926 179.084 0 0.189725 4.56738 0.987792
4.94 1.96822 0.00601504 6.70886e-06 0.199994 1.75734 0 0.00327919 179.719 0 0.122037 4.69844 0.987792
4.96 1.97066 0.00613539 6.70886e-06 0.199994 1.75734 0 0.00329217 180.121 0 0.0784004 4.78348 0.987792
4.98 1.97224 0.00621454 6.70886e-06 0.199994 1.75734 0 0.00330058 180.378 0 0.0503269 4.83843 0.987792
5.02 1.97474 2.0557e-05 6.70886e-06 0.199994 1.75734 0 0.0023045 0.719539 0 18.5233 1.76059e-05 0.987792
5.04 1.97452 2.36694e-05 6.70886e-06 0.199994 1.75734 0 0.00230576 4.14687 0 17.34 0.000115341 0.987792
5.06 1.97434 2.76435e-05 6.70886e-06 0.199994 1.75734 0 0.00230735 7.90574 0 16.157 0.000254474 0.987792
5.08 1.9741 3.28305e-05 6.70886e-06 0.199994 1.75734 0 0.00230926 12.0577 0 14.9743 0.000456262 0.987792
5.1 1.97378 3.97859e-05 6.70886e-06 0.199994 1.75734 0 0.00231162 16.6862 0 13.792 0.000756257 0.987792
5.12 1.97333 4.94214e-05 6.70886e-06 0.199994 1.75734 0 0.00231458 21.9024 0 12.6102 0.00121658 0.987792
5.14 1.97267 6.33102e-05 6.70886e-06 0.199994 1.75734 0 0.0023184 27.8582 0 11.4291 0.00195202 0.987792
5.16 1.97168 8.43397e-05 6.70886e-06 0.199994 1.75734 0 0.00232351 34.7677 0 10.249 0.00318975 0.987792
5.18 1.97009 0.00011821 6.70886e-06 0.199994 1.75734 0 0.00233065 42.9424 0 9.07039 0.00541948 0.987792
5.2 1.96734 0.000177183 6.70886e-06 0.199994 1.75734 0 0.00234122 52.8507 0 7.89411 0.00981738 0.987792
5.22 1.96216 0.000290223 6.70886e-06 0.199994 1.75734 0 0.00235807 65.216 0 6.722 0.0196253 0.987792
5.24 1.95149 0.000530427 6.70886e-06 0.199994 1.75734 0 0.00238763 81.1365 0 5.55822 0.0454407 0.987792
5.26 1.92888 0.00106019 6.70886e-06 0.199994 1.75734 0 0.00244489 101.905 0 4.41408 0.128327 0.987792
5.28 1.89351 0.00196094 6.70886e-06 0.199994 1.75734 0 0.00255599 126.761 0 3.32298 0.420863 0.987792
5.3 1.88051 0.00278431 6.70886e-06 0.199994 1.75734 0 0.00272095 148.514 0 2.36207 1.15111 0.987792
5.32 1.89853 0.00343919 6.70886e-06 0.199994 1.75734 0 0.00288681 161.936 0 1.60915 2.11741 0.987792
5.34 1.92061 0.00409257 6.70886e-06 0.199994 1.75734 0 0.00301941 169.478 0 1.06937 2.97288 0.987792
5.36 1.93799 0.0046997 6.70886e-06 0.199994 1.75734 0 0.00311602 173.845 0 0.700693 3.61509 0.987792
5.38 1.95037 0.00519741 6.70886e-06 0.199994 1.75734 0 0.00318332 176.465 0 0.455319 4.06414 0.987792
5.4 1.95883 0.00557055 6.70886e-06 0.199994 1.75734 0 0.00322893 178.077 0 0.294374 4.36714 0.987792
5.42 1.96449 0.00583469 6.70886e-06 0.199994 1.75734 0 0.00325927 179.084 0 0.189724 4.56754 0.987792
5.44 1.96823 0.00601504 6.70886e-06 0.199994 1.75734 0 0.00327919 179.719 0 0.122038 4.69854 0.987792
5.46 1.97066 0.00613539 6.70886e-06 0.199994 1.75734 0 0.00329217 180.121 0 0.0784007 4.78355 0.987792
5.48 1.97224 0.00621454 6.70886e-06 0.199994 1.75734 0 0.00330058 180.378 0 0.0503271 4.83847 0.987792
5.52 1.97474 2.0557e-05 6.70886e-06 0.199994 1.75734 0 0.0023045 0.71954 0 18.5233 1.75034e-05 0.987792
5.54 1.97452 2.36694e-05 6.70886e-06 0.199994 1.75734 0 0.00230576 4.14687 0 17.34 0.000115197 0.987792
5.56 1.97434 2.76435e-05 6.70886e-06 0.199994 1.75734 0 0.00230735 7.90574 0 16.157 0.000254266 0.987792
5.58 1.9741 3.28305e-05 6.70886e-06 0.199994 1.75734 0 0.00230926 12.0577 0 14.9743 0.000455957 0.987792
5.6 1.97378 3.9786e-05 6.70886e-06 0.199994 1.75734 0 0.00231162 16.6862 0 13.792 0.000755798 0.987792
5.62 1.97333 4.94214e-05 6.70886e-06 0.199994 1.75734 0 0.00231458 21.9024 0 12.6102 0.00121587 0.987792
5.64 1.97267 6.33102e-05 6.70886e-06 0.199994 1.75734 0 0.0023184 27.8582 0 11.4291 0.00195085 0.987792
5.66 1.97168 8.434e-05 6.70886e-06 0.199994 1.75734 0 0.00232351 34.7678 0 10.249 0.00318774 0.987792
5.68 1.97009 0.000118211 6.70886e-06 0.199994 1.75734 0 0.00233065 42.9425 0 9.07039 0.00541572 0.987792
5.7 1.96733 0.000177176 6.70886e-06 0.199994 1.75734 0 0.00234122 52.8508 0 7.89412 0.00980956 0.987792
5.72 1.96217 0.000290256 6.70886e-06 0.199994 1.75734 0 0.00235807 65.2162 0 6.722 0.0196068 0.987792
5.74 1.95151 0.000530425 6.70886e-06 0.199994 1.75734 0 0.00238763 81.1364 0 5.55822 0.0453875 0.987792
5.76 1.92892 0.0010602 6.70886e-06 0.199994 1.75734 0 0.00244489 101.905 0 4.41408 0.128145 0.987792
5.78 1.89355 0.00196094 6.70886e-06 0.199994 1.75734 0 0.00255601 126.761 0 3.32299 0.420248 0.987792
5.8 1.8805 0.0027843 6.70886e-06 0.199994 1.75734 0 0.00272095 148.514 0 2.36208 1.14994 0.987792
5.82 1.8985 0.00343919 6.70886e-06 0.199994 1.75734 0 0.00288681 161.937 0 1.60915 2.11623 0.987792
5.84 1.92059 0.00409258 6.70886e-06 0.199994 1.75734 0 0.00301941 169.478 0 1.06937 2.97195 0.987792
5.86 1.93797 0.00469969 6.70886e-06 0.199994 1.75734 0 0.00311602 173.844 0 0.700699 3.6144 0.987792
5.88 1.95035 0.00519742 6.70886e-06 0.199994 1.75734 0 0.00318332 176.465 0 0.455317 4.06368 0.987792
5.9 1.95882 0.00557054 6.70886e-06 0.199994 1.75734 0 0.00322893 178.077 0 0.294377 4.36682 0.987792
5.92 1.96449 0.00583469 6.70886e-06 0.199994 1.75734 0 0.00325926 179.084 0 0.189726 4.56734 0.987792
5.94 1.96822 0.00601504 6.70886e-06 0.199994 1.75734 0 0.00327919 179.719 0 0.122037 4.69841 0.987792
5.96 1.97066 0.00613539 6.70886e-06 0.199994 1.75734 0 0.00329217 180.121 0 0.0784005 4.78347 0.987792
5.98 1.97224 0.00621454 6.70886e-06 0.199994 1.75734 0 0.00330058 180.378 0 0.050327 4.83842 0.987792
6 1.97326 0.00626612 6.70886e-06 0.199994 1.75734 0 0.003306 180.542 0 0.0322897 4.87382 0.987792
6.02 1.97392 0.00629953 6.70886e-06 0.199994 1.75734 0 0.0033095 180.646 0 0.0207103 4.89658 0.987792
6.04 1.97434 0.00632109 6.70886e-06 0.199994 1.75734 0 0.00331174 180.713 0 0.0132806 4.9112 0.987792
6.06 1.97461 0.00633497 6.70886e-06 0.199994 1.75734 0 0.00331318 180.756 0 0.0085152 4.92059 0.987792
6.08 1.97479 0.0063439 6.70886e-06 0.199994 1.75734 0 0.00331411 180.783 0 0.00545926 4.92661 0.987792
6.1 1.9749 0.00634963 6.70886e-06 0.199994 1.75734 0 0.0033147 180.801 0 0.00349985 4.93047 0.987792
6.12 1.97497 0.0063533 6.70886e-06 0.199994 1.75734 0 0.00331508 180.812 0 0.00224362 4.93295 0.987792
6.14 1.97502 0.00635566 6.70886e-06 0.199994 1.75734 0 0.00331533 180.82 0 0.00143827 4.93454 0.987792
6.16 1.97486 0.00635895 6.70886e-06 0.199994 1.75734 0 0.00331542 180.83 0 0.000997098 4.93689 0.987792
6.18 1.97509 0.00635984 6.70886e-06 0.199994 1.75734 0 0.00331575 180.832 0 0.000997098 4.93735 0.987792
6.2 1.9751 0.00635988 6.70886e-06 0.199994 1.75734 0 0.00331576 180.832 0 0.000997098 4.93737 0.987792
6.22 1.9751 0.00635988 6.70886e-06 0.199994 1.75734 0 0.00331576 180.832 0 0.000997098 4.93737 0.987792
6.24 1.9751 0.00635988 6.70886e-06 0.199994 1.75734 0 0.00331576 180.832 0 0.000997098 4.93737 0.987792
6.26 1.9751 0.00635988 6.70886e-06 0.199994 1.75734 0 0.00331576 180.832 0 0.000997098 4.93737 0.987792
6.28 1.9751 0.00635988 6.70886e-06 0.199994 1.75734 0 0.00331576 180.832 0 0.000997098 4.93737 0.987792
6.3 1.9751 0.00635988 6.70886e-06 0.199994 1.75734 0 0.00331576 180.832 0 0.000997098 4.93737 0.987792
6.32 1.9751 0.00635988 6.70886e-06 0.199994 1.75734 0 0.00331576 180.832 0 0.000997098 4.93737 0.987792
6.34 1.9751 0.00635988 6.70886e-06 0.199994 1.75734 0 0.00331576 180.832 0 0.000997098 4.93737 0.987792
6.36 1.9751 0.00635988 6.70886e-06 0.199994 1.75734 0 0.00331576 180.832 0 0.000997098 4.93737 0.987792
6.38 1.9751 0.00635988 6.70886e-06 0.199994 1.75734 0 0.00331576 180.832 0 0.000997098 4.93737 0.987792
6.4 1.9751 0.00635988 6.70886e-06 0.199994 1.75734 0 0.00331576 180.832 0 0.000997098 4.93737 0.987792
6.42 1.9751 0.00635988 6.70886e-06 0.199994 1.75734 0 0.00331576 180.832 0 0.000997098 4.93737 0.987792
6.44 1.9751 0.00635988 6.70886e-06 0.199994 1.75734 0 0.00331576 180.832 0 0.000997098 4.93737 0.987792
6.46 1.9751 0.00635988 6.70886e-06 0.199994 1.75734 0 0.00331576 180.832 0 0.000997098 4.93737 0.987792
6.48 1.9751 0.00635988 6.70886e-06 0.199994 1.75734 0 0.00331576 180.832 0 0.000997098 4.93737 0.987792
6.5 1.9751 0.00635988 6.70886e-06 0.199994 1.75734 0 0.00331576 180.832 0 0.000997098 4.93737 0.987792
6.52 1.9751 0.00635988 6.70886e-06 0.199994 1.75734 0 0.00331576 180.832 0 0.000997098 4.93737 0.987792
6.54 1.9751 0.00635988 6.70886e-06 0.199994 1.75734 0 0.00331576 180.832 0 0.000997098 4.93737 0.987792
6.56 1.9751 0.00635988 6.70886e-06 0.199994 1.75734 0 0.00331576 180.832 0 0.000997098 4.93737 0.987792
6.58 1.9751 0.00635988 6.70886e-06 0.199994 1.75734 0 0.00331576 180.832 0 0.000997098 4.93737 0.987792
6.6 1.9751 0.00635988 6.70886e-06 0.199994 1.75734 0 0.00331576 180.832 0 0.000997098 4.93737 0.987792
6.62 1.9751 0.00635988 6.70886e-06 0.199994 1.75734 0 0.00331576 180.832 0 0.000997098 4.93737 0.987792
6.64 1.9751 0.00635988 6.70886e-06 0.199994 1.75734 0 0.00331576 180.832 0 0.000997098 4.93737 0.987792
6.66 1.9751 0.00635988 6.70886e-06 0.199994 1.75734 0 0.00331576 180.832 0 0.000997098 4.93737 0.987792
6.68 1.9751 0.00635988 6.70886e-06 0.199994 1.75734 0 0.00331576 180.832 0 0.000997098 4.93737 0.987792
6.7 1.9751 0.00635988 6.70886e-06 0.199994 1.75734 0 0.00331576 180.832 0 0.000997098 4.93737 0.987792
6.72 1.9751 0.00635988 6.70886e-06 0.199994 1.75734 0 0.00331576 180.832 0 0.000997098 4.93737 0.987792
6.74 1.9751 0.00635988 6.70886e-06 0.199994 1.75734 0 0.00331576 180.832 0 0.000997098 4.93737 0.987792
6.76 1.9751 0.00635988 6.70886e-06 0.199994 1.75734 0 0.00331576 180.832 0 0.000997098 4.93737 0.987792
6.78 1.9751 0.00635988 6.70886e-06 0.199994 1.75734 0 0.00331576 180.832 0 0.000997098 4.93737 0.987792
6.8 1.9751 0.00635988 6.70886e-06 0.199994 1.75734 0 0.00331576 180.832 0 0.000997098 4.93737 0.987792
6.82 1.9751 0.00635988 6.70886e-06 0.199994 1.75734 0 0.00331576 180.832 0 0.000997098 4.93737 0.987792
6.84 1.9751 0.00635988 6.70886e-06 0.199994 1.75734 0 0.00331576 180.832 0 0.000997098 4.93737 0.987792
6.86 1.9751 0.00635988 6.70886e-06 0.199994 1.75734 0 0.00331576 180.832 0 0.000997098 4.93737 0.987792
6.88 1.9751 0.00635988 6.70886e-06 0.199994 1.75734 0 0.00331576 180.832 0 0.000997098 4.93737 0.987792
6.9 1.9751 0.00635988 6.70886e-06 0.199994 1.75734 0 0.00331576 180.832 0 0.000997098 4.93737 0.987792
6.92 1.9751 0.00635988 6.70886e-06 0.199994 1.75734 0 0.00331576 180.832 0 0.000997098 4.93737 0.987792
6.94 1.9751 0.00635988 6.70886e-06 0.199994 1.75734 0 0.00331576 180.832 0 0.000997098 4.93737 0.987792
6.96 1.9751 0.00635988 6.70886e-06 0.199994 1.75734 0 0.00331576 180.832 0 0.000997098 4.93737 0.987792
6.98 1.9751 0.00635988 6.70886e-06 0.199994 1.75734 0 0.00331576 180.832 0 0.000997098 4.93737 0.987792

