0.0001 1.03093 111.849 0.00128111 5.57081e-07 0.000168449 0.0192763 0.000847983 0.550238 0.0831946 1.07286 0 0.00386634 0.000237295 0.000109576 0.849548
0.0013 1.03093 131.679 0.00128111 5.57081e-07 0.000168449 0.0192763 0.00557556 1.58956 0.244758 90.7912 0 0.0078231 0.00318751 0.000760937 0.997912
0.0025 1.03093 132.052 0.00128111 5.57081e-07 0.000168449 0.0192763 0.00933756 2.12628 0.297303 104.889 0 0.00964057 0.00616253 0.00121456 0.998192
0.0037 1.03093 132.409 0.00128111 5.57081e-07 0.000168449 0.0192763 0.0125219 2.54318 0.327773 110.562 0 0.0109337 0.00914268 0.00160797 0.998284
0.0049 1.03093 132.766 0.00128111 5.57081e-07 0.000168449 0.0192763 0.0154105 2.90384 0.350149 113.7 0 0.0119673 0.0121255 0.0019675 0.998332
0.0061 1.03093 133.123 0.00128111 5.57081e-07 0.000168449 0.0192763 0.0181145 3.23153 0.368432 115.66 0 0.0128369 0.0151101 0.00230529 0.99836
0.0073 1.03093 133.481 0.00128111 5.57081e-07 0.000168449 0.0192763 0.020693 3.53803 0.384308 116.943 0 0.01359 0.0180957 0.0026282 0.998378
0.0085 1.03093 133.839 0.00128111 5.57081e-07 0.000168449 0.0192763 0.0231827 3.83041 0.39864 117.781 0 0.0142545 0.0210821 0.0029406 0.998389
0.0097 1.03093 134.199 0.00128111 5.57081e-07 0.000168449 0.0192763 0.0256086 4.11338 0.411924 118.296 0 0.0148481 0.0240692 0.00324554 0.998396
0.0109 1.03093 134.559 0.00128111 5.57081e-07 0.000168449 0.0192763 0.027989 4.39035 0.424472 118.558 0 0.0153835 0.0270566 0.00354524 0.9984
0.0121 1.03093 134.919 0.00128111 5.57081e-07 0.000168449 0.0192763 0.0303377 4.66394 0.436491 118.612 0 0.0158695 0.0300444 0.00384143 0.998401
0.0133 1.03093 135.28 0.00128111 5.57081e-07 0.000168449 0.0192763 0.0326657 4.93629 0.448128 118.484 0 0.0163129 0.0330323 0.00413552 0.998399
0.0145 1.03093 135.642 0.00128111 5.57081e-07 0.000168449 0.0192763 0.0349822 5.20924 0.459485 118.191 0 0.016719 0.0360204 0.00442866 0.998395
0.0157 1.03093 136.004 0.00128111 5.57081e-07 0.000168449 0.0192763 0.0372946 5.48442 0.470644 117.743 0 0.0170917 0.0390085 0.00472188 0.998389
0.0169 1.03093 136.366 0.00128111 5.57081e-07 0.000168449 0.0192763 0.0396097 5.76336 0.481664 117.147 0 0.0174345 0.0419967 0.00501605 0.998381
0.0181 1.03093 136.728 0.00128111 5.57081e-07 0.000168449 0.0192763 0.0419334 6.04753 0.492593 116.406 0 0.0177501 0.0449848 0.005312 0.99837
0.0193 1.03093 137.09 0.00128111 5.57081e-07 0.000168449 0.0192763 0.0442708 6.33842 0.503471 115.519 0 0.0180408 0.0479727 0.0056105 0.998358
0.0205 1.03093 137.453 0.00128111 5.57081e-07 0.000168449 0.0192763 0.046627 6.63751 0.514329 114.485 0 0.0183083 0.0509606 0.00591227 0.998343
0.0217 1.03093 137.815 0.00128111 5.57081e-07 0.000168449 0.0192763 0.0490063 6.94638 0.525194 113.3 0 0.0185542 0.0539482 0.00621802 0.998326
0.0229 1.03093 138.178 0.00128111 5.57081e-07 0.000168449 0.0192763 0.051413 7.2667 0.536089 111.958 0 0.01878 0.0569355 0.00652847 0.998306
0.0241 1.03093 138.54 0.00128111 5.57081e-07 0.000168449 0.0192763 0.053851 7.6003 0.547033 110.452 0 0.0189866 0.0599225 0.00684433 0.998283
0.0253 1.03093 138.902 0.00128111 5.57081e-07 0.000168449 0.0192763 0.0563242 7.94918 0.558042 108.773 0 0.019175 0.0629091 0.00716635 0.998256
0.0265 1.03093 139.264 0.00128111 5.57081e-07 0.000168449 0.0192763 0.058836 8.31556 0.569133 106.912 0 0.019346 0.0658952 0.00749529 0.998226
0.0277 1.03093 139.625 0.00128111 5.57081e-07 0.000168449 0.0192763 0.0613897 8.70196 0.580319 104.856 0 0.0195001 0.0688808 0.00783199 0.998191
0.0289 1.03093 139.986 0.00128111 5.57081e-07 0.000168449 0.0192763 0.0639884 9.11123 0.591612 102.59 0 0.0196378 0.0718657 0.00817731 0.998151
0.0301 1.03093 140.346 0.00128111 5.57081e-07 0.000168449 0.0192763 0.0666349 9.54664 0.603022 100.099 0 0.0197594 0.0748499 0.00853223 0.998105
0.0313 1.03093 140.706 0.00128111 5.57081e-07 0.000168449 0.0192763 0.0693313 10.012 0.614561 97.3636 0 0.019865 0.0778333 0.0088978 0.998052
0.0325 1.03093 141.064 0.00128111 5.57081e-07 0.000168449 0.0192763 0.0720794 10.5116 0.626238 94.3621 0 0.0199547 0.0808156 0.00927521 0.997991
0.0337 1.03093 141.422 0.00128111 5.57081e-07 0.000168449 0.0192763 0.07488 11.0508 0.63806 91.0693 0 0.0200282 0.0837968 0.00966581 0.997918
0.0349 1.03093 141.777 0.00128111 5.57081e-07 0.000168449 0.0192763 0.077733 11.6357 0.650037 87.4561 0 0.0200851 0.0867767 0.0100711 0.997832
0.0361 1.03093 142.13 0.00128111 5.57081e-07 0.000168449 0.0192763 0.0806365 12.2735 0.662176 83.4883 0 0.0201247 0.0897549 0.010493 0.997729
0.0373 1.03093 142.48 0.00128111 5.57081e-07 0.000168449 0.0192763 0.0835868 12.9732 0.674484 79.126 0 0.0201458 0.0927313 0.0109335 0.997605
0.0385 1.03093 142.826 0.00128111 5.57081e-07 0.000168449 0.0192763 0.086577 13.7454 0.686969 74.3218 0 0.0201471 0.0957055 0.0113953 0.99745
0.0397 1.03093 143.167 0.00128111 5.57081e-07 0.000168449 0.0192763 0.0895962 14.6035 0.699638 69.0187 0 0.0201264 0.0986769 0.0118816 0.997255
0.0409 1.03093 143.499 0.00128111 5.57081e-07 0.000168449 0.0192763 0.0926279 15.5638 0.712501 63.1477 0 0.0200808 0.101645 0.0123965 0.997
0.0421 1.03093 143.82 0.00128111 5.57081e-07 0.000168449 0.0192763 0.0956473 16.6472 0.725571 56.6224 0 0.020006 0.104609 0.0129453 0.996656
0.0433 1.03093 144.12 0.00128111 5.57081e-07 0.000168449 0.0192763 0.0986174 17.8807 0.738874 49.3307 0 0.0198958 0.107568 0.0135358 0.996163
0.0445 1.03093 144.383 0.00128111 5.57081e-07 0.000168449 0.0192763 0.101482 19.3006 0.752465 41.115 0 0.0197395 0.110519 0.0141797 0.9954
0.0457 1.03093 144.567 0.00128111 5.57081e-07 0.000168449 0.0192763 0.104145 20.9604 0.766507 31.711 0 0.019516 0.113461 0.0148999 0.994044
0.0469 1.03093 144.498 0.00128111 5.57081e-07 0.000168449 0.0192763 0.106363 22.9613 0.781698 20.4163 0 0.0191527 0.116386 0.015768 0.99078
0.0481 1.03093 0.00015287 0.00128111 5.57081e-07 0.000168449 0.0192763 3.51942 22.6326 0.914634 1.99624e-07 0 1.74974e-10 5.52922e-07 8.11427 1.05064e-06
0.0493 1.03093 0.000155435 0.00128111 5.57081e-07 0.000168449 0.0192763 7.03894 22.2644 0.914634 2.02974e-07 0 1.70543e-10 5.64228e-07 11.4759 1.06827e-06
0.0505 1.03093 0.000158089 0.00128111 5.57081e-07 0.000168449 0.0192763 10.5562 21.8962 0.914634 2.06439e-07 0 1.79387e-10 5.74728e-07 14.0549 1.08651e-06
0.0517 1.03093 0.000160835 0.00128111 5.57081e-07 0.000168449 0.0192763 14.0714 21.5278 0.914634 2.10025e-07 0 1.91912e-10 5.85221e-07 16.2286 1.10539e-06
0.0529 1.03093 0.000163679 0.00128111 5.57081e-07 0.000168449 0.0192763 17.5845 21.1594 0.914634 2.1374e-07 0 2.06063e-10 5.95914e-07 18.1435 1.12493e-06
0.0541 1.03093 0.000166627 0.00128111 5.57081e-07 0.000168449 0.0192763 21.0955 20.7909 0.914634 2.17589e-07 0 2.21186e-10 6.06896e-07 19.8744 1.14519e-06
0.0553 1.03093 0.000169683 0.00128111 5.57081e-07 0.000168449 0.0192763 24.6042 20.4222 0.914634 2.2158e-07 0 2.37045e-10 6.18222e-07 21.466 1.1662e-06
0.0565 1.03093 0.000172855 0.00128111 5.57081e-07 0.000168449 0.0192763 28.1107 20.0535 0.914634 2.25721e-07 0 2.53558e-10 6.29932e-07 22.9472 1.18799e-06
0.0577 1.03093 0.000176148 0.00128111 5.57081e-07 0.000168449 0.0192763 31.6148 19.6846 0.914634 2.30022e-07 0 2.70712e-10 6.42061e-07 24.3382 1.21063e-06
0.0589 1.03093 0.000179571 0.00128111 5.57081e-07 0.000168449 0.0192763 35.1165 19.3156 0.914634 2.34491e-07 0 2.88529e-10 6.54642e-07 25.6537 1.23415e-06
0.0601 1.03093 0.00018313 0.00128111 5.57081e-07 0.000168449 0.0192763 38.6157 18.9465 0.914634 2.39139e-07 0 3.0705e-10 6.67707e-07 26.9047 1.25861e-06
0.0601 1.03093 0.000186835 0.00128111 5.57081e-07 0.000168449 0.0192763 42.1123 18.5773 0.914634 2.43977e-07 0 3.26329e-10 6.81291e-07 28.0998 1.28407e-06
0.0589 1.03093 0.000190694 0.00128111 5.57081e-07 0.000168449 0.0192763 45.6062 18.2079 0.914634 2.49016e-07 0 3.46429e-10 6.95429e-07 29.2457 1.31059e-06
0.0577 1.03093 0.000194717 0.00128111 5.57081e-07 0.000168449 0.0192763 49.0972 17.8385 0.914634 2.5427e-07 0 3.67421e-10 7.10158e-07 30.348 1.33824e-06
0.0565 1.03093 0.000198915 0.00128111 5.57081e-07 0.000168449 0.0192763 52.5853 17.4688 0.914634 2.59752e-07 0 3.89383e-10 7.2552e-07 31.4112 1.3671e-06
0.0553 1.03093 0.0002033 0.00128111 5.57081e-07 0.000168449 0.0192763 56.0704 17.099 0.914634 2.65478e-07 0 4.12401e-10 7.41558e-07 32.4393 1.39723e-06
0.0541 1.03093 0.000207885 0.00128111 5.57081e-07 0.000168449 0.0192763 59.5522 16.7291 0.914634 2.71465e-07 0 4.36568e-10 7.58319e-07 33.4353 1.42874e-06
0.0529 1.03093 0.000212683 0.00128111 5.57081e-07 0.000168449 0.0192763 63.0306 16.359 0.914634 2.77731e-07 0 4.61988e-10 7.75855e-07 34.4022 1.46172e-06
0.0517 1.03093 0.00021771 0.00128111 5.57081e-07 0.000168449 0.0192763 66.5056 15.9888 0.914634 2.84296e-07 0 4.88775e-10 7.94223e-07 35.3423 1.49627e-06
0.0505 1.03093 0.000222984 0.00128111 5.57081e-07 0.000168449 0.0192763 69.9769 15.6183 0.914634 2.91182e-07 0 5.17053e-10 8.13485e-07 36.2576 1.53252e-06
0.0493 1.03093 0.000228522 0.00128111 5.57081e-07 0.000168449 0.0192763 73.4443 15.2477 0.914634 2.98414e-07 0 5.46961e-10 8.33709e-07 37.1499 1.57058e-06
0.0481 1.03093 0.000234345 0.00128111 5.57081e-07 0.000168449 0.0192763 76.9076 14.8769 0.914634 3.06019e-07 0 5.78652e-10 8.5497e-07 38.021 1.6106e-06
0.0469 1.03093 0.000240477 0.00128111 5.57081e-07 0.000168449 0.0192763 80.3667 14.5058 0.914634 3.14025e-07 0 6.12298e-10 8.77352e-07 38.8721 1.65274e-06
0.0457 1.03093 0.000246942 0.00128111 5.57081e-07 0.000168449 0.0192763 83.8213 14.1346 0.914634 3.22467e-07 0 6.48089e-10 9.00946e-07 39.7045 1.69717e-06
0.0445 1.03093 0.000253768 0.00128111 5.57081e-07 0.000168449 0.0192763 87.2712 13.7631 0.914634 3.31381e-07 0 6.8624e-10 9.25856e-07 40.5195 1.74408e-06
0.0433 1.03093 0.000260987 0.00128111 5.57081e-07 0.000168449 0.0192763 90.716 13.3914 0.914634 3.40809e-07 0 7.2699e-10 9.52197e-07 41.3179 1.7937e-06
0.0421 1.03093 0.000268635 0.00128111 5.57081e-07 0.000168449 0.0192763 94.1556 13.0194 0.914634 3.50795e-07 0 7.70611e-10 9.80095e-07 42.1008 1.84626e-06
0.0409 1.03093 0.00027675 0.00128111 5.57081e-07 0.000168449 0.0192763 97.5895 12.6472 0.914634 3.61392e-07 0 8.17412e-10 1.0097e-06 42.8689 1.90203e-06
0.0397 1.03093 0.000285378 0.00128111 5.57081e-07 0.000168449 0.0192763 101.017 12.2747 0.914634 3.72659e-07 0 8.67743e-10 1.04116e-06 43.6229 1.96132e-06
0.0385 1.03093 0.000294568 0.00128111 5.57081e-07 0.000168449 0.0192763 104.439 11.9018 0.914634 3.8466e-07 0 9.22005e-10 1.07468e-06 44.3637 2.02449e-06
0.0373 1.03093 0.00030438 0.00128111 5.57081e-07 0.000168449 0.0192763 107.854 11.5287 0.914634 3.97472e-07 0 9.80656e-10 1.11045e-06 45.0918 2.09192e-06
0.0361 1.03093 0.000314877 0.00128111 5.57081e-07 0.000168449 0.0192763 111.262 11.1552 0.914634 4.11181e-07 0 1.04423e-09 1.14873e-06 45.8077 2.16406e-06
0.0349 1.03093 0.000326136 0.00128111 5.57081e-07 0.000168449 0.0192763 114.661 10.7813 0.914634 4.25883e-07 0 1.11334e-09 1.18977e-06 46.5121 2.24144e-06
0.0337 1.03093 0.000338244 0.00128111 5.57081e-07 0.000168449 0.0192763 118.053 10.407 0.914634 4.41694e-07 0 1.1887e-09 1.23391e-06 47.2053 2.32465e-06
0.0325 1.03093 0.000351301 0.00128111 5.57081e-07 0.000168449 0.0192763 121.436 10.0323 0.914634 4.58744e-07 0 1.27115e-09 1.2815e-06 47.8879 2.41439e-06
0.0313 1.03093 0.000365424 0.00128111 5.57081e-07 0.000168449 0.0192763 124.808 9.65711 0.914634 4.77188e-07 0 1.36169e-09 1.33297e-06 48.5602 2.51145e-06
0.0301 1.03093 0.000380753 0.00128111 5.57081e-07 0.000168449 0.0192763 128.171 9.28142 0.914634 4.97204e-07 0 1.46149e-09 1.38882e-06 49.2226 2.6168e-06
0.0289 1.03093 0.000397449 0.00128111 5.57081e-07 0.000168449 0.0192763 131.522 8.90518 0.914634 5.19007e-07 0 1.57196e-09 1.44965e-06 49.8754 2.73154e-06
0.0277 1.03093 0.000415707 0.00128111 5.57081e-07 0.000168449 0.0192763 134.861 8.52834 0.914634 5.42849e-07 0 1.69481e-09 1.51617e-06 50.519 2.85702e-06
0.0265 1.03093 0.000435759 0.00128111 5.57081e-07 0.000168449 0.0192763 138.186 8.15085 0.914634 5.69035e-07 0 1.83208e-09 1.58921e-06 51.1535 2.99483e-06
0.0253 1.03093 0.000457889 0.00128111 5.57081e-07 0.000168449 0.0192763 141.496 7.77263 0.914634 5.97933e-07 0 1.98634e-09 1.66981e-06 51.7793 3.14692e-06
0.0241 1.03093 0.000482442 0.00128111 5.57081e-07 0.000168449 0.0192763 144.789 7.39361 0.914634 6.29995e-07 0 2.16071e-09 1.75923e-06 52.3966 3.31565e-06
0.0229 1.03093 0.000509844 0.00128111 5.57081e-07 0.000168449 0.0192763 148.064 7.0137 0.914634 6.65778e-07 0 2.35915e-09 1.859e-06 53.0056 3.50397e-06
0.0217 1.03093 0.000540632 0.00128111 5.57081e-07 0.000168449 0.0192763 151.318 6.6328 0.914634 7.05983e-07 0 2.58669e-09 1.97109e-06 53.6063 3.71556e-06
0.0205 1.03093 0.000575487 0.00128111 5.57081e-07 0.000168449 0.0192763 154.549 6.25077 0.914634 7.51498e-07 0 2.8498e-09 2.09797e-06 54.199 3.9551e-06
0.0193 1.03093 0.000615287 0.00128111 5.57081e-07 0.000168449 0.0192763 157.754 5.86747 0.914634 8.03471e-07 0 3.157e-09 2.24282e-06 54.7837 4.22862e-06
0.0181 1.03093 0.00066119 0.00128111 5.57081e-07 0.000168449 0.0192763 160.928 5.4827 0.914634 8.63413e-07 0 3.51967e-09 2.40986e-06 55.3604 4.54407e-06
0.0169 1.03093 0.000714747 0.00128111 5.57081e-07 0.000168449 0.0192763 164.067 5.09623 0.914634 9.33352e-07 0 3.95335e-09 2.60471e-06 55.9292 4.91214e-06
0.0157 1.03093 0.000778101 0.00128111 5.57081e-07 0.000168449 0.0192763 167.165 4.70777 0.914634 1.01608e-06 0 4.47986e-09 2.83515e-06 56.4898 5.34751e-06
0.0145 1.03093 0.000854286 0.00128111 5.57081e-07 0.000168449 0.0192763 170.213 4.31693 0.914634 1.11557e-06 0 5.13074e-09 3.1122e-06 57.0422 5.87107e-06
0.0133 1.03093 0.000947769 0.00128111 5.57081e-07 0.000168449 0.0192763 173.202 3.9232 0.914634 1.23764e-06 0 5.95333e-09 3.45206e-06 57.5861 6.51349e-06
0.0121 1.03093 0.00106542 0.00128111 5.57081e-07 0.000168449 0.0192763 176.116 3.52589 0.914633 1.39128e-06 0 7.022e-09 3.87966e-06 58.1208 7.32197e-06
0.0109 1.03093 0.00121841 0.00128111 5.57081e-07 0.000168449 0.0192763 178.934 3.12399 0.914633 1.59106e-06 0 8.46051e-09 4.43551e-06 58.6457 8.37328e-06
0.0097 1.03093 0.00142633 0.00128111 5.57081e-07 0.000168449 0.0192763 181.627 2.716 0.914633 1.86258e-06 0 1.04912e-08 5.19063e-06 59.1594 9.80202e-06
0.0085 1.03093 0.00172724 0.00128111 5.57081e-07 0.000168449 0.0192763 184.143 2.29949 0.914633 2.25553e-06 0 1.35577e-08 6.28297e-06 59.66 1.18697e-05
0.0073 1.03093 0.0022074 0.00128111 5.57081e-07 0.000168449 0.0192763 186.389 1.87004 0.914633 2.88257e-06 0 1.86954e-08 8.02496e-06 60.1436 1.51688e-05
0.0061 1.03093 0.00312018 0.00128111 5.57081e-07 0.000168449 0.0192763 188.17 1.41813 0.914632 4.07455e-06 0 2.90499e-08 1.13338e-05 60.6022 2.14395e-05
0.0049 1.03093 0.0057932 0.00128111 5.57081e-07 0.000168449 0.0192763 188.862 0.913921 0.91463 7.56531e-06 0 6.18169e-08 2.10116e-05 61.0114 3.97953e-05
0.0037 1.03093 0.000501316 0.00128111 5.57081e-07 0.000168449 0.0192763 8.76296 7.12771 0.914634 6.54641e-07 0 8.56787e-09 5.78887e-07 56.6048 3.44537e-06
0.0025 1.03093 0.000528527 0.00128111 5.57081e-07 0.000168449 0.0192763 12.3736 6.77756 0.914634 6.90176e-07 0 1.12277e-08 7.66168e-07 57.1292 3.63238e-06
0.0013 1.03093 0.000559129 0.00128111 5.57081e-07 0.000168449 0.0192763 15.9421 6.42448 0.914634 7.30137e-07 0 1.36626e-08 9.40319e-07 57.6056 3.84269e-06
0.0001 1.03093 0.000593744 0.00128111 5.57081e-07 0.000168449 0.0192763 19.4723 6.06896 0.914634 7.75339e-07 0 1.60544e-08 1.10751e-06 57.7501 4.08058e-06
