0.001 0.0721649 533.303 4.26169e-05 0.00010646 0.582393 0.000344098 6.53388e-05 0 0.00276853 1.90089 2.65506 0.00288414 2.87283e-06 236.914 0 0.000142232 4.52643 86.4091 0.00138096 2.60028e-05 0.059272 0.0869874 0.656991
0.000994 0.0721649 533.327 4.2649e-05 0.000106462 0.581012 0.000344437 6.53409e-05 0 0.00276875 1.92307 5.32355 0.00288322 1.76613e-06 236.92 0 7.12749e-05 9.03183 86.4091 0.00137261 2.60045e-05 0.059272 0.0616898 0.660988
0.000988 0.0721649 533.336 4.26817e-05 0.000106463 0.579651 0.000344779 6.53419e-05 0 0.00276889 1.94588 7.9864 0.00288327 1.76848e-06 236.923 0 4.75525e-05 13.5373 86.4091 0.0013643 2.60051e-05 0.059272 0.0503939 0.665014
0.000982 0.0721649 533.341 4.27155e-05 0.000106464 0.57831 0.000345132 6.53424e-05 0 0.002769 1.96947 10.6435 0.00288329 1.77089e-06 236.925 0 3.5678e-05 18.0427 86.4091 0.001356 2.60055e-05 0.059272 0.0436441 0.669084
0.000976 0.0721649 533.344 4.27505e-05 0.000106464 0.576988 0.000345499 6.53428e-05 0 0.00276911 1.99392 13.2946 0.00288329 1.77338e-06 236.926 0 2.85489e-05 22.5482 86.4091 0.00134771 2.60057e-05 0.059272 0.0390334 0.673201
0.00097 0.0721649 533.346 4.27868e-05 0.000106464 0.575685 0.000345882 6.5343e-05 0 0.00276922 2.01929 15.9397 0.0028833 1.77596e-06 236.926 0 2.37944e-05 27.0537 86.4091 0.00133942 2.60059e-05 0.059272 0.0356283 0.677368
0.000964 0.0721649 533.348 4.28245e-05 0.000106464 0.5744 0.000346281 6.53432e-05 0 0.00276933 2.04563 18.5785 0.0028833 1.77864e-06 236.927 0 2.03974e-05 31.5592 86.4091 0.00133113 2.6006e-05 0.059272 0.0329813 0.681586
0.000958 0.0721649 533.349 4.28637e-05 0.000106464 0.573134 0.000346698 6.53434e-05 0 0.00276943 2.07301 21.2108 0.00288329 1.78144e-06 236.927 0 1.78492e-05 36.0647 86.4091 0.00132284 2.60061e-05 0.059272 0.0308474 0.685856
0.000952 0.0721649 533.35 4.29045e-05 0.000106464 0.571886 0.000347134 6.53435e-05 0 0.00276954 2.10148 23.8365 0.00288329 1.78434e-06 236.928 0 1.5867e-05 40.5703 86.4091 0.00131455 2.60062e-05 0.059272 0.0290798 0.69018
0.000946 0.0721649 533.351 4.29471e-05 0.000106463 0.570655 0.00034759 6.53437e-05 0 0.00276966 2.13112 26.4554 0.00288329 1.78737e-06 236.928 0 1.4281e-05 45.0758 86.4091 0.00130627 2.60062e-05 0.059272 0.0275845 0.694559
0.00094 0.0721649 533.351 4.29914e-05 0.000106463 0.569443 0.000348068 6.53438e-05 0 0.00276977 2.16201 29.0672 0.00288328 1.79054e-06 236.928 0 1.29833e-05 49.5813 86.4091 0.00129798 2.60063e-05 0.059272 0.0262982 0.698993
0.000934 0.0721649 533.352 4.30376e-05 0.000106463 0.568247 0.000348569 6.53438e-05 0 0.00276989 2.19421 31.6717 0.00288328 1.79384e-06 236.928 0 1.19018e-05 54.0868 86.4091 0.0012897 2.60063e-05 0.059272 0.0251762 0.703484
0.000928 0.0721649 533.352 4.3086e-05 0.000106463 0.567069 0.000349095 6.53439e-05 0 0.00277001 2.22782 34.2687 0.00288327 1.79729e-06 236.929 0 1.09866e-05 58.5924 86.4091 0.00128141 2.60064e-05 0.059272 0.0241864 0.708033
0.000922 0.0721649 533.353 4.31365e-05 0.000106463 0.565908 0.000349648 6.5344e-05 0 0.00277014 2.26294 36.8578 0.00288327 1.80091e-06 236.929 0 1.02021e-05 63.0979 86.4091 0.00127312 2.60064e-05 0.059272 0.0233047 0.712641
0.000916 0.0721649 533.353 4.31894e-05 0.000106463 0.564763 0.000350229 6.53441e-05 0 0.00277027 2.29966 39.4389 0.00288326 1.8047e-06 236.929 0 9.52214e-06 67.6034 86.4091 0.00126484 2.60065e-05 0.059272 0.0225128 0.717309
0.00091 0.0721649 533.353 4.32449e-05 0.000106462 0.563635 0.000350841 6.53442e-05 0 0.0027704 2.33811 42.0115 0.00288326 1.80868e-06 236.929 0 8.92718e-06 72.109 86.4091 0.00125655 2.60065e-05 0.059272 0.0217964 0.722039
0.000904 0.0721649 533.354 4.33031e-05 0.000106462 0.562523 0.000351486 6.53442e-05 0 0.00277054 2.37839 44.5755 0.00288325 1.81285e-06 236.929 0 8.4022e-06 76.6145 86.4091 0.00124827 2.60065e-05 0.059272 0.0211442 0.726832
0.000898 0.0721649 533.354 4.33642e-05 0.000106462 0.561426 0.000352166 6.53443e-05 0 0.00277069 2.42065 47.1304 0.00288325 1.81724e-06 236.929 0 7.93553e-06 81.1201 86.4091 0.00123998 2.60066e-05 0.059272 0.0205471 0.731689
0.000892 0.0721649 533.354 4.34285e-05 0.000106462 0.560346 0.000352885 6.53444e-05 0 0.00277084 2.46505 49.6759 0.00288324 1.82187e-06 236.929 0 7.51797e-06 85.6256 86.4091 0.0012317 2.60066e-05 0.059272 0.0199979 0.736611
0.000886 0.0721649 533.354 4.34962e-05 0.000106462 0.559281 0.000353646 6.53444e-05 0 0.002771 2.51173 52.2117 0.00288324 1.82674e-06 236.929 0 7.14216e-06 90.1312 86.4091 0.00122341 2.60066e-05 0.059272 0.0194905 0.741599
0.00088 0.0721649 533.355 4.35677e-05 0.000106461 0.558231 0.000354452 6.53445e-05 0 0.00277117 2.5609 54.7372 0.00288323 1.83189e-06 236.929 0 6.80214e-06 94.6367 86.4091 0.00121512 2.60066e-05 0.059272 0.0190198 0.746656
0.000874 0.0721649 533.355 4.36432e-05 0.000106461 0.557196 0.000355307 6.53446e-05 0 0.00277135 2.61274 57.252 0.00288323 1.83734e-06 236.929 0 6.49302e-06 99.1422 86.4091 0.00120684 2.60067e-05 0.059272 0.0185815 0.751782
0.000868 0.0721649 533.355 4.37231e-05 0.000106461 0.556176 0.000356215 6.53446e-05 0 0.00277153 2.66749 59.7558 0.00288322 1.84311e-06 236.929 0 6.21077e-06 103.648 86.4091 0.00119855 2.60067e-05 0.059272 0.0181722 0.756979
0.000862 0.0721649 533.355 4.38078e-05 0.000106461 0.555171 0.000357182 6.53447e-05 0 0.00277173 2.72539 62.2478 0.00288322 1.84923e-06 236.929 0 5.95204e-06 108.153 86.4091 0.00119027 2.60067e-05 0.059272 0.0177888 0.762248
0.000856 0.0721649 533.355 4.38977e-05 0.000106461 0.55418 0.000358214 6.53448e-05 0 0.00277193 2.78673 64.7276 0.00288321 1.85574e-06 236.93 0 5.71401e-06 112.659 86.4091 0.00118198 2.60068e-05 0.059272 0.0174287 0.767591
0.00085 0.0721649 533.355 4.39933e-05 0.00010646 0.553203 0.000359315 6.53449e-05 0 0.00277215 2.85181 67.1945 0.00288321 1.86267e-06 236.93 0 5.49428e-06 117.164 86.4091 0.0011737 2.60068e-05 0.059272 0.0170895 0.773009
0.000844 0.0721649 533.355 4.40952e-05 0.00010646 0.55224 0.000360495 6.5345e-05 0 0.00277238 2.92101 69.648 0.0028832 1.87007e-06 236.93 0 5.29082e-06 121.67 86.4091 0.00116541 2.60068e-05 0.059272 0.0167694 0.778505
0.000838 0.0721649 533.355 4.42041e-05 0.00010646 0.551291 0.00036176 6.53451e-05 0 0.00277262 2.99471 72.0872 0.0028832 1.87798e-06 236.93 0 5.1019e-06 126.176 86.4091 0.00115713 2.60069e-05 0.059272 0.0164666 0.784079
0.000832 0.0721649 533.356 4.43206e-05 0.00010646 0.550355 0.000363121 6.53452e-05 0 0.00277288 3.07338 74.5113 0.00288319 1.88647e-06 236.93 0 4.926e-06 130.681 86.4091 0.00114884 2.60069e-05 0.059272 0.0161797 0.789734
0.000826 0.0721649 533.356 4.44457e-05 0.00010646 0.549433 0.000364588 6.53453e-05 0 0.00277315 3.15752 76.9195 0.00288318 1.89558e-06 236.93 0 4.76183e-06 135.187 86.4091 0.00114056 2.60069e-05 0.059272 0.0159072 0.79547
0.00082 0.0721649 533.356 4.45803e-05 0.000106459 0.548524 0.000366173 6.53454e-05 0 0.00277345 3.24774 79.3109 0.00288318 1.90541e-06 236.93 0 4.60825e-06 139.692 86.4091 0.00113227 2.6007e-05 0.059272 0.015648 0.801291
0.000814 0.0721649 533.356 4.47255e-05 0.000106459 0.547628 0.000367892 6.53455e-05 0 0.00277377 3.34472 81.6844 0.00288317 1.91603e-06 236.93 0 4.46427e-06 144.198 86.4091 0.00112399 2.6007e-05 0.059272 0.0154011 0.807197
0.000808 0.0721649 533.356 4.48827e-05 0.000106459 0.546745 0.000369761 6.53456e-05 0 0.00277411 3.44925 84.0388 0.00288317 1.92755e-06 236.93 0 4.32901e-06 148.703 86.4091 0.0011157 2.6007e-05 0.059272 0.0151655 0.813192
0.000802 0.0721649 533.356 4.50533e-05 0.000106459 0.545874 0.0003718 6.53457e-05 0 0.00277448 3.56224 86.3728 0.00288317 1.94008e-06 236.93 0 4.20171e-06 153.209 86.4091 0.00110742 2.60071e-05 0.059272 0.0149404 0.819276
0.000796 0.0721649 533.356 4.52392e-05 0.000106459 0.545016 0.000374033 6.53459e-05 0 0.00277488 3.68476 88.685 0.00288316 1.95376e-06 236.93 0 4.08168e-06 157.714 86.4091 0.00109913 2.60071e-05 0.0592721 0.014725 0.825451
0.00079 0.0721649 533.356 4.54426e-05 0.000106459 0.544171 0.000376489 6.5346e-05 0 0.00277531 3.81808 90.9739 0.00288316 1.96876e-06 236.93 0 3.96832e-06 162.22 86.4091 0.00109085 2.60072e-05 0.0592721 0.0145186 0.83172
0.000784 0.0721649 533.356 4.5666e-05 0.000106458 0.543337 0.000379202 6.53462e-05 0 0.00277579 3.96369 93.2375 0.00288315 1.98528e-06 236.93 0 3.86109e-06 166.726 86.4091 0.00108256 2.60073e-05 0.0592721 0.0143207 0.838086
0.000778 0.0721649 533.357 4.59125e-05 0.000106458 0.542515 0.000382213 6.53464e-05 0 0.00277631 4.12336 95.4739 0.00288315 2.00356e-06 236.93 0 3.7595e-06 171.231 86.4091 0.00107428 2.60073e-05 0.0592721 0.0141307 0.844549
0.000772 0.0721649 533.357 4.61859e-05 0.000106458 0.541705 0.000385573 6.53466e-05 0 0.00277688 4.29924 97.6809 0.00288314 2.02389e-06 236.93 0 3.66312e-06 175.737 86.4091 0.00106599 2.60074e-05 0.0592721 0.013948 0.851113
0.000766 0.0721649 533.357 4.64909e-05 0.000106458 0.540907 0.000389347 6.53468e-05 0 0.00277752 4.49394 99.8557 0.00288314 2.04664e-06 236.93 0 3.57156e-06 180.242 86.4091 0.00105771 2.60075e-05 0.0592721 0.0137723 0.85778
0.00076 0.0721649 533.357 4.68333e-05 0.000106458 0.54012 0.000393613 6.53471e-05 0 0.00277823 4.71063 101.995 0.00288313 2.07228e-06 236.93 0 3.48446e-06 184.748 86.4091 0.00104942 2.60076e-05 0.0592721 0.013603 0.864552
0.000754 0.0721649 533.357 4.72204e-05 0.000106458 0.539344 0.000398473 6.53474e-05 0 0.00277903 4.95327 104.097 0.00288313 2.10138e-06 236.93 0 3.40152e-06 189.253 86.4091 0.00104114 2.60077e-05 0.0592721 0.0134398 0.871432
0.000748 0.0721649 533.357 4.76615e-05 0.000106457 0.53858 0.000404057 6.53478e-05 0 0.00277994 5.22682 106.155 0.00288312 2.13468e-06 236.93 0 3.32243e-06 193.759 86.4092 0.00103285 2.60078e-05 0.0592721 0.0132823 0.878423
0.000742 0.0721649 533.357 4.81688e-05 0.000106457 0.537826 0.000410539 6.53482e-05 0 0.00278097 5.53758 108.167 0.00288312 2.17318e-06 236.93 0 3.24694e-06 198.264 86.4092 0.00102457 2.60079e-05 0.0592721 0.0131303 0.885526
0.000736 0.0721649 533.357 4.87583e-05 0.000106457 0.537083 0.00041815 6.53486e-05 0 0.00278216 5.89371 110.126 0.00288312 2.21817e-06 236.93 0 3.17481e-06 202.77 86.4092 0.00101628 2.60081e-05 0.0592721 0.0129834 0.892745
0.00073 0.0721649 533.358 4.94517e-05 0.000106457 0.536351 0.000427206 6.53492e-05 0 0.00278355 6.30592 112.025 0.00288311 2.27145e-06 236.93 0 3.10581e-06 207.276 86.4092 0.00100799 2.60083e-05 0.0592721 0.0128413 0.900083
0.000724 0.0721649 533.358 5.02789e-05 0.000106457 0.535629 0.000438156 6.53499e-05 0 0.0027852 6.7886 113.858 0.00288311 2.3355e-06 236.93 0 3.03976e-06 211.781 86.4092 0.00099971 2.60085e-05 0.0592721 0.0127038 0.907543
0.000718 0.0721649 533.358 5.12827e-05 0.000106457 0.534918 0.00045165 6.53508e-05 0 0.00278717 7.36149 115.615 0.0028831 2.41395e-06 236.93 0 2.97646e-06 216.287 86.4092 0.000991424 2.60088e-05 0.0592721 0.0125706 0.915127
0.000712 0.0721649 533.358 5.2526e-05 0.000106456 0.534217 0.00046867 6.53518e-05 0 0.00278957 8.05251 117.283 0.0028831 2.51217e-06 236.93 0 2.91575e-06 220.792 86.4092 0.000983139 2.60092e-05 0.0592721 0.0124415 0.92284
0.000706 0.0721649 533.359 5.41053e-05 0.000106456 0.533526 0.000490771 6.53533e-05 0 0.00279259 8.90239 118.849 0.0028831 2.63863e-06 236.93 0 2.85747e-06 225.298 86.4092 0.000974853 2.60097e-05 0.0592721 0.0123164 0.930683
0.0007 0.0721649 533.359 5.61765e-05 0.000106456 0.532844 0.000520551 6.53552e-05 0 0.00279646 9.97306 120.295 0.00288309 2.80728e-06 236.93 0 2.8015e-06 229.803 86.4092 0.000966567 2.60103e-05 0.0592721 0.0121951 0.938661
0.000694 0.0721649 533.36 5.90086e-05 0.000106456 0.532173 0.000562689 6.5358e-05 0 0.00280164 11.3634 121.598 0.00288309 3.04291e-06 236.93 0 2.7477e-06 234.309 86.4092 0.000958281 2.60113e-05 0.0592721 0.0120773 0.946778
0.000688 0.0721649 533.362 6.31062e-05 0.000106456 0.531511 0.000626453 6.53624e-05 0 0.0028089 13.2418 122.73 0.00288308 3.39384e-06 236.93 0 2.69596e-06 238.815 86.4092 0.000949994 2.60128e-05 0.0592721 0.0119631 0.955037
0.000682 0.0721649 533.364 6.95349e-05 0.000106456 0.530858 0.000732799 6.537e-05 0 0.0028198 15.9204 123.652 0.00288308 3.96731e-06 236.93 0 2.64622e-06 243.32 86.4092 0.000941705 2.60154e-05 0.0592721 0.0118524 0.963443
0.000676 0.0721649 533.368 8.09683e-05 0.000106456 0.530215 0.000939236 6.53863e-05 0 0.002838 20.0503 124.322 0.00288308 5.05241e-06 236.93 0 2.59849e-06 247.826 86.4092 0.000933413 2.60209e-05 0.0592721 0.0117456 0.972002
0.00067 0.0721649 533.383 0.000106318 0.000106456 0.529581 0.00146072 6.5437e-05 0 0.00287433 27.2654 124.689 0.00288308 7.72826e-06 236.93 0 2.55326e-06 252.331 86.4092 0.000925102 2.60382e-05 0.0592721 0.0116453 0.980734
0.000664 0.0721649 533.539 0.000202533 0.000106456 0.528956 0.00391507 6.59882e-05 0 0.00298595 43.8191 124.856 0.00288308 2.05417e-05 236.93 0 2.52087e-06 256.837 86.4092 0.00091654 2.62255e-05 0.0592721 0.011599 0.989896

