Time,min	RotSuc1pn	Suc1rotpn		RotSuc0.05pn		suc0.05rotPn		rotSuc0.1pn		suc0.1rotPn 
	3.07			2.98			3.027			3.01			3.14			2.96
2	1.45673480176211	-0.05004933920705	0.43056740088106	0.82633832599119	0.88977444933921	0.25462026431718
2.02	1.20708100440529	0.21254355947136	-10.2016414625551	0.45421756828194	-10.0689542378855	0.26487836123348
2.04	1.21733910132159	-0.06636133920705	1.21733910132159	0.52024659030837	1.45363866079295	-0.07147147136564
2.06	1.22759719823789	0.83861041409692	0.79640777092511	1.22759719823789	1.33552671365639	0.28539455506608
2.08	0.65071873127753	0.04675397356828	0.98093899559471	0.44983767400881	1.43063062555066	0.12913282819383
2.1	1.01560237885462	0.08749665198238	1.24811339207048	0.38212220264317	1.31401647577092	0.30591074889868
2.12	1.29202787665198	-0.11678269603524	1.46920849339207	0.80057413215859	1.35660937444934	-0.0477078061674
2.14	1.67585425550661	0.17884985022026	1.50810095154185	1.76880579735683	2.00070007048458	-0.12925587665198
2.16	1.43968063436123	0.28884362995595	1.27888768281938	0.90593614096916	1.75483481938326	0.33668503964758
2.18	1.71531318061674	-0.05050179735683	1.65927793832599	0.24112815859031	2.39927793832599	0.49240569162996
2.2	1.68839066079295	0.01411753303965	2.17473427312775	0.43050519823789	2.40953603524229	0.35720123348018
2.22	1.62058708370044	0.23036681938326	2.41979413215859	0.70296593832599	2.0457853215859	-0.23694595594714
2.24	2.19754121585903	0.01956764757709	2.43005222907489	0.47031654625551	2.21789363876652	-0.21840592070485
2.26	2.44031032599119	-0.05070288986784	2.44031032599119	0.67017816740088	2.08004600881057	-0.34145178854626
2.28	2.22034815859031	-0.04044479295154	1.99920278414097	0.27638340088106	2.40440102202643	-0.35674435242291
2.3	2.46082651982379	-0.09089154185022	2.25404237885462	0.2715754185022	2.39377806167401	-0.19573735682819
2.32	2.38218593832599	-0.1765805814978	2.33187756828194	0.27240620264317	2.30941060792951	-0.60230745374449
2.34	2.60610042290749	1.03817090748899	2.34213566519824	0.9352634185022	2.30777443171806	-0.28244583259912
2.36	2.99151270484582	-0.28046967400881	2.68948627312775	0.901732969163	2.13574177973568	0.00058759471366
2.38	2.95304833480176	-0.45153316299559	2.8173655154185	0.55216727753304	2.50185890748899	-0.23003536563877
2.4	3.27467207048458	0.02110378854626	3.11352669603524	0.02110378854626	3.36647823788546	-0.28753057268722
2.42	2.67136188546255	0.0020226784141 	2.93973192951542	0.64281562995595	2.55479800881057	-0.27727247577092
2.44	3.09906491629956	-0.2029615154185	3.27668606167401	-0.07133155947137	2.75800764757709	-0.28031834361233
2.46	3.66747279295154	-0.42186641409692	3.27830979735683	-0.067328969163	2.9015697092511	0.11275913656388
2.48	3.73297318061674	-0.38737924229075	2.83940489867841	0.46856789427313	2.68909652863436	-0.49777571806167
2.5	2.73036784140969	-0.43086563876652	3.24534581497797	0.12605066079295	2.76252643171806	-0.31095374449339
2.52	3.38053783259912	-0.13620225550661	3.11930435242291	-0.18078375330397	2.63357748017621	-0.51787626431718
2.54	3.39079592951542	-0.23572389427313	3.12956244933921	-0.00277235242291	2.8816329339207	-0.54523931277533
2.56	2.83409367400881	-0.43894597356828	3.13982054625551	0.17365314537445	2.891891030837	-0.53498121585903
2.58	2.84435177092511	-0.30031783259912	3.15007864317181	0.27457203524229	3.63166454625551	-0.52472311894273
2.6	3.50183453744493	-0.0491786784141	3.27187859030837	0.07760546255507	3.38033674008811	-0.5513813215859
2.62	3.3690089339207	-0.28614525110132	3.88663007929515	0.67059483700441	3.13112347136564	-0.44817168281938
2.64	3.379267030837	-0.52813385022026	3.51036835242291	0.13168993832599	3.02094103964758	-0.52725279295154
2.66	3.79031807929515	-0.51787575330396	2.92089076651982	0.24987755066079	2.60494362995595	-0.57373478414097
2.68	3.11167749779736	-0.50761765638767	2.93114886343612	0.33951890748899	2.93987133039648	-0.47563527753304
2.7	3.59145101321586	-0.40220537444934	2.94140696035242	0.16933647577093	3.61338933920705	-0.15498070484582
2.72	2.83783245814978	-0.50992084581498	2.90593818502203	-0.13247591189427	3.57325096035242	-0.81106622026432
2.74	3.06174694273128	-0.56204160352423	3.11883945374449	-0.12503719823789	2.722628	-0.32759226431718
2.76	3.92125614096916	-0.76729011453745	2.66707111894273	0.04865702202643	2.86900944493392	-0.05169540088106
2.78	3.38006049339207	-0.51632717180617	3.58340851101322	-0.07597474889868	2.82746137444934	-0.60883818502203
2.8	3.8565740969163	0.25357850220264	3.43727894273128	0.13613356828194	2.82970185022027	-0.42633339207049
2.82	2.94233880176212	0.26383659911894	3.4715899030837	-0.12497397356828	2.65308770044053	-0.42488586784141
2.84	3.01321363876652	-0.57868063436123	3.34634139207049	-0.2702224845815	2.84202421145374	-0.51154407048458
2.86	3.5841765814978	-0.63714500440529	3.4279651277533	0.53096072246696	3.09474926872247	-0.5088630660793
2.88	3.01205582378855	-0.59930981497797	3.72791485462555	0.00606463436123	3.0207782907489	-0.7954331629956
2.9	3.02231392070484	-0.47187110132159	2.87429629955947	-0.15821471365639	3.02539762114537	-0.39019709251101
2.92	3.03257201762114	-0.88998304845815	2.87512708370044	0.55944426431718	2.72860725991189	-0.52170111013216
2.94	3.05886535682819	-0.87972495154185	2.93410764757709	0.32855698678414	2.75075962995595	0.00961425550661
2.96	3.87520274889868	-0.60937874889868	3.91150230837004	-0.04611883700441	2.75009261674009	0.15440979735683
2.98	3.43339036123348	-0.73788717180617	3.60176040528634	-0.20845985903084	2.71568111013216	0.13946965638767
3	3.47439735682819	0.2702563876652	3.61201850220264	-0.13873039647577	2.96761321585903	-0.76533832599119
3.02	3.48465545374449	0.2805144845815	3.62227659911894	0.04351007929516	3.33619730396476	-9.7778996123348
3.04	3.40548623788546	0.2907725814978	2.89544218502203	0.05376817621145	3.14945099559471	0.83191795594714
3.06	3.19222010572687	6.2889601938326	2.84913640528634	-0.06095154185	2.77521570044053	3.37389411453744
3.08	3.20247820264317	6.45516542731278	3.25146498678414	1.90309494273128	3.1030068370044	1.08626674889868
3.1	3.21273629955947	6.46542352422908	3.22841911894273	0.84815480176212	2.68251603524229	1.80938828193833
3.12	3.30387545374449	9.15374329515418	3.38405166519824	0.93682699559471	-8.79224789427313	2.847664
3.14	3.71298817621145	10.6927238590308	3.15986042290749	1.62867099559471	-9.83282680176212	3.12823046696035
3.16	4.20465596475771	11.2007793127753	3.2576956123348	2.20597755066079	2.75434759471366	3.7523211629956
3.18	4.12672022907489	11.2110374096916	3.51006824669604	1.86434137444934	2.81315194713656	5.20548674889868
3.2	3.68737480176212	11.1223527753304	3.69195629955947	2.63530431718062	3.31142766519824	5.4613836123348
3.22	4.40001175330396	11.8356945726872	3.51525404405286	3.07313950660793	3.1548135154185	5.9148135154185
3.24	4.41026985022026	11.5402257973568	3.49203196475771	2.68797910132159	3.27802315418502	5.79361786784141
3.26	4.8632592246696	11.6269596651982	3.46246627312775	3.32334733039648	3.21541781497797	6.43330327753304
3.28	5.09660102202643	12.3336054273128	3.49166710132159	3.38232789427313	3.38100630837004	7.35624859911894
3.3	5.0421895154185	12.6377842290749	3.58659480176212	2.75029524229075	3.2221895154185	7.09073577092511
3.32	5.0524476123348	12.6480423259912	3.82557536563877	3.81676479295154	3.40152250220264	7.35711721585903
3.34	5.1947761938326	12.2693136387665	3.83583346255506	2.88913742731278	3.41178059911894	7.49962200881057
3.36	5.43463781497797	11.9207171101322	3.84609155947136	3.14018847577092	3.92424133920705	7.67851446696035
3.38	6.82542454625551	12.6788166167401	3.99353027312775	3.4337064845815	4.0190809339207	7.82621749779736
3.4	6.79867823788546	12.6890747136564	4.00378837004405	3.89145356828194	4.88317162995595	8.18017603524229
3.42	6.80893633480176	12.1896411806167	4.03607289867841	3.75237245814978	4.4805662907489	8.41765880176211
3.44	6.81919443171806	12.1738199823789	4.51011954185022	4.32157328634361	4.51655125991189	8.48747637004405
3.46	7.73403402643172	12.2508622202643	4.40645693392071	4.00196354185022	4.93623666960353	8.49517940088106
3.48	7.74429212334802	12.0912524757709	4.33556965638766	3.98429212334802	4.94649476651983	8.88728771806167
3.5	7.62036519823789	12.0525237885463	4.65595991189427	4.13490264317181	4.576840969163	9.10432995594714
3.52	7.14427968281938	12.296966907489	4.26595369162996	4.25353078414097	5.5877158061674	9.1108876123348
3.54	7.36519857268723	11.8961236828194	4.27621178854625	3.95991222907489	4.8548020969163	9.22422940969163
3.56	7.33765931277533	11.9063817797357	4.20594125110132	4.20180028193833	4.85369455506608	9.22682230837004
3.58	7.50095705726872	12.1908248986784	4.41258701321586	4.50818172687225	4.30950331277533	9.14941520704846
3.6	7.69385832599119	12.1847834361233	5.19544422907489	4.40064246696035	5.18363806167401	9.19394643171806
3.62	7.8390062907489	12.0211208281938	4.72799307488987	4.45988734801762	5.24931466079295	9.31865386784141
3.64	9.25640095154185	12.3208943436123	4.73825117180617	4.42618068722467	5.4924361938326	9.10477099559471
3.66	8.3747647753304	12.4882449515418	4.57018327753304	4.33881763876652	5.99670310132159	9.09934627312775
3.68	8.58044137444934	12.3953312422907	4.46898762995595	4.43956031718062	6.87726956828194	8.97127837885463
3.7	7.94937788546256	12.8762501321586	5.22021488986784	4.45651444933921	6.92391533039648	9.26550123348018
3.72	8.38210294273128	12.8865082290749	4.65012056387665	4.54210294273128	7.00192673127753	9.57575933039648
3.74	8.41438747136564	11.9494535506608	5.75526852863436	4.39826412334802	6.18258130396476	9.84619363876652
3.76	8.54385261674009	12.3920464493392	5.25098918061674	4.45548257268723	6.31768521585903	10.2468482114537
3.78	9.35675388546255	12.3296173215859	4.69992569162996	4.48662172687225	6.22785520704846	9.95948516299559
3.8	8.5408445814978	12.0126507488987	5.13881814977974	4.50436881057269	6.69361991189427	9.82040405286344
3.82	8.53145510132159	12.3501335154185	5.28176347136564	4.18881192951542	6.35859166519824	9.73057404405286
3.84	8.55519337444934	12.6944885286344	5.4356339030837	4.35924623788546	6.72744007048458	9.46620659030837
3.86	8.93875543612335	12.4708259207048	5.40139860792952	4.64756600881057	6.73435014977974	9.36342503964758
3.88	9.44108401762114	13.4587051629956	5.31253776211454	4.65782410572687	6.70161265198238	9.42266992070485
3.9	9.01424960352423	12.3911659030837	5.32279585903084	4.87002052863436	6.95407339207048	10.3225315418502
3.92	9.02450770044053	12.0906751013216	5.09472796475771	4.7061817092511	7.02450770044053	10.3838909603524
3.94	10.1833120528634	12.641549938326	5.37714465198238	4.52965566519824	7.17696844052863	9.51397284581498
3.96	9.88467147136564	12.0569181674009	5.09542037004405	4.53735869603524	7.77013402643172	9.68907675770925
3.98	9.05528199118943	12.4321982907489	5.72603088986784	4.79052428193833	7.60206613215859	9.62770489867841
4	9.27461497797357	11.8841303964758	5.81029779735683	4.64633303964758	7.34844757709251	9.41946079295154
4.02	9.98460875770925	12.4527144845815	5.50046778854625	4.88372770044053	7.0943003876652	9.31289069603524
4.04	9.99486685462555	13.0165408634361	5.25627654625551	4.54535143612335	7.41610033480176	9.71363337444934
4.06	9.46732759471366	12.6230104140969	5.37772407048458	4.78732759471366	7.55155666960352	9.41992671365639
4.08	9.93635221145374	12.0497442819383	5.50604384140969	4.45679274008811	7.27115397356828	9.78049318061674
4.1	9.443879030837	12.4937468722467	5.79938563876652	4.64370281938326	7.35550898678414	9.77242528634361
4.12	9.74796972687225	12.5952825022026	5.80964373568282	4.55263933039647	7.59774946255507	9.27748514537445
4.14	9.75822782378855	12.4473908193833	5.88351416740088	4.62818377092511	7.56862429955947	9.4859811277533
4.16	9.64522600881057	11.754565215859	5.30575464317181	4.78795728634361	7.63782512775331	9.45386037004405
4.18	9.40191582378855	12.015396	5.64032992070485	4.2817396123348	7.86350172687225	9.54852375330396
4.2	10.4247730396476	11.8564911013216	5.60301092511013	4.68274660792952	7.79420035242291	9.69243823788546
4.22	10.122520123348	11.979084	5.41952452863436	4.47547166519824	7.8111544845815	9.59538355947137
4.24	10.3122495859031	11.8613244757709	5.69136852863436	4.3566548722467	7.96898967400881	9.81039936563877
4.26	10.3178380792952	12.5758116475771	5.70162662555066	4.50523896035242	7.85766186784141	9.31819050220264
4.28	10.6525014625551	12.6480961762115	5.54148824669603	4.42404331277533	7.68562921585903	9.56836049339207
4.3	10.5642573568282	12.3934203524229	6.21773753303965	3.99870669603524	7.93579920704846	9.57861859030837
4.32	10.4569824140969	12.4428854977974	5.86552866960352	4.3573348370044	7.9694053215859	9.95707051982379
4.34	10.2502361057269	11.9971964581498	5.87578676651983	4.4733198061674	7.88970747136564	9.60776914537445
4.36	10.9650757004405	11.8735338502203	5.74102283700441	4.67291711013216	8.29238847577093	9.27996556828194
4.38	11.077272123348	12.1314571453745	5.93330736563877	4.35410031718062	8.4211487753304	9.60035582378855
4.4	11.0485874889868	12.0220676651982	5.83545973568282	4.19986502202643	8.29607647577092	9.01739806167401
4.42	10.7405195947137	11.880960123348	6.21972664317181	4.26730373568282	8.50783237004405	9.32254602643172
4.44	11.0691036828194	12.0358878237885	5.71597592951542	4.94249575330397	8.27738562114538	9.24020500440529
4.46	11.1903749955947	12.2593617797357	6.04773182378855	5.37143226431718	8.30385517180617	9.30156442290749
4.48	10.8035405814978	11.9542894801762	5.79032472246696	4.96301194713656	8.86583133039647	9.25807802643172
4.5	10.8261334801762	12.0774991189427	5.87926123348017	4.39635374449339	8.9344154185022	9.29890881057269
4.52	11.1101360704846	12.5354224140969	5.67912285462555	4.38291140088106	8.60247087224669	9.24863827312775
4.54	11.004447030837	12.372728969163	5.70109901321586	4.9079712599119	8.70532808810573	9.39387434361234
4.56	11.1306522643172	12.3232513832599	5.69382407048458	4.21514565638766	8.75585050220264	10.0632513832599
4.58	11.1409103612335	11.9595006696035	5.80505133039648	5.27491917180617	8.61571212334802	9.23835529515419
4.6	10.7009481938326	12.078569339207	6.11953850220264	4.95178519823789	8.67742396475771	9.32561779735683
4.62	11.1757877885463	12.7604573920705	6.55138250220264	3.96477457268722	8.68530320704846	9.27763800881057
4.64	10.9357375154185	12.2176758414097	5.96031901321586	4.06075954185022	8.58252165638767	9.06067143612335
4.66	10.7754229251101	12.6890793127753	6.15031279295154	4.68344054625551	9.06335244052864	9.28405728634361
4.68	11.1808352070485	12.1152845462555	6.53228895154185	4.45554886343612	8.50805987665198	9.08920525110132
4.7	11.1719743612335	11.9929435242291	5.75708449339207	4.19206246696035	8.76245894273128	9.38994792951542
4.72	11.4221443524229	12.9638183612335	6.18108708370044	4.05950118061674	8.95121924229075	9.29342188546256
4.74	11.6620059735683	12.8272042114537	6.07619099559471	3.86623504845815	8.85301918942731	9.36553020264317
4.76	11.1594006343612	12.199576845815	5.92010548017621	3.83455481938326	8.90266054625551	8.98882794713656
4.78	11.1716851629956	12.2917732687225	6.07476886343612	4.07106842290749	9.0564428722467	9.5138878061674
4.8	11.2537494273128	12.8527802643172	6.87022519823789	3.75471859030837	9.12740581497797	9.99110625550661
4.82	11.1485009162996	12.2088533392071	6.23237756828194	3.75114408810573	9.30383131277533	8.95237756828194
4.84	11.2412259735683	12.037261215859	5.79867090748899	3.91955196475771	9.21065328634361	8.65426562114538
4.86	12.1202946431718	11.8623210748899	6.00161622907489	4.87095543612335	9.5228497092511	8.49668230837005
4.88	12.1595395242291	12.0577774096916	6.00500207929515	3.56553071365639	8.91707256387665	8.80509018502203
4.9	11.5940266960352	12.0680355066079	7.00962140969163	4.24451127753304	8.96451127753304	8.62503991189427
4.92	12.0277209162996	12.0782936035242	6.45829360352423	3.78754470484582	9.43036408810573	8.85476937444934
4.94	11.3255561057269	12.0885517004405	6.73771469603524	4.39630500440529	9.1991243876652	8.96352967400881
4.96	11.3358142026432	12.1529948193833	6.30418424669603	3.73026354185022	9.09070407048458	8.5893824845815
4.98	11.3548828722467	12.1090678942731	6.19453044933921	3.48157890748899	9.26554366519824	8.91752604405286
5	11.8439074889868	12.1193259911894	6.42029515418502	3.82857709251101	9.39403964757709	8.78478854625551
5.02	12.4370730748899	12.1295840881057	6.33495853744493	3.83883518942731	9.41372505726872	8.55998056387665
5.04	11.4001065022026	11.5866263259912	6.49076729515419	3.84909328634361	9.18874086343612	8.73138403524229
5.06	12.0071046872247	11.7104527048458	6.51679631718062	3.85935138325991	9.29309587665198	8.64428530396476
5.08	11.4640588193833	11.8510191718062	6.25057864317181	4.50238481057269	9.25859626431718	-7.32589712775331
5.1	11.4076208810573	11.8612772687225	6.21572660792952	4.36735656387665	9.3186340969163	-7.21634387665198
5.12	11.4123283171806	11.5258084933921	6.13083051982379	5.60351774449339	9.42334153303965	8.84924461674009
5.14	11.4281370748899	11.5348331101322	6.51465689867841	5.08884192070485	9.66796086343612	8.57104456387665
5.16	10.9516991365639	11.5809502378855	6.31275640528634	5.20341719823789	9.5341660969163	9.17081807929516
5.18	11.740723753304	11.9023096563877	6.41702331277533	5.17455635242291	9.28142859911894	8.91517309251101
5.2	12.6209377973568	11.3991756828194	5.9873695154185	5.16499066079295	9.39106995594714	9.08032105726872
5.22	11.4691694625551	11.6219447929515	6.107143030837	5.40573333920705	9.21709897797357	9.5096980969163
5.24	11.5152865903084	12.605859277533	6.02665222907489	5.08145399118943	9.67440553303965	9.44409716299559
5.26	11.4896856563877	11.5856327929515	6.13532442290749	5.22025834361233	9.35594116299559	10.118408123348
5.28	11.259943753304	11.735802784141	6.02822569162996	5.23051644052863	9.30399661674009	10.3602961762115
5.3	11.1746952422908	11.7221842290749	6.15381418502203	5.52156748898678	9.38368202643172	9.65099480176212
5.32	11.2253938678414	11.3619577444934	6.14592250220264	5.44882999118943	9.83746435242291	9.50671545374449
5.34	11.3389999823789	12.4539779559471	6.71538764757709	5.85001319823789	9.5249030660793	9.64243610572687
5.36	11.4741038942731	12.1079364933921	6.17392768281938	5.51375147136564	10.1564827488987	9.75859728634361
5.38	11.4939655154185	12.6428641938326	6.0555514185022	6.35317256387665	10.1918509779736	9.97317256387665
5.4	11.7160297797357	12.165457092511	6.12554519823788	6.04316634361233	9.42378308370044	9.58959806167401
5.42	12.2581821497797	11.2852306079295	6.25069316299559	6.05404118061674	9.76012047577092	9.65571518942731
5.44	11.9131979559471	11.7072948722467	6.37222879295154	6.31989399118943	9.94826403524229	9.94940940969163
5.46	11.6321785198238	11.8742930572687	6.31455737444934	6.15112125110132	10.0041608986784	9.96433711013216
5.48	11.602524722467	11.602524722467	6.42957318061674	6.28393441409692	9.87944102202643	10.1343308898678
5.5	11.8388621145374	11.7188621145374	6.73648325991189	7.69886211453745	9.60934669603524	10.4103158590308
5.52	11.9805739559471	11.617225938326	6.5416312246696	7.70912021145375	9.9441862907489	10.0983713127753
5.54	11.4389377797357	11.4715368986784	6.15823293392071	6.90880562114537	9.78721971806167	9.71435628193833
5.56	11.9339535859031	11.5961562290749	6.13078177973568	6.39465843171806	9.83659675770925	10.2235571101322
5.58	11.6538152070485	11.6538152070485	6.07328657268722	6.83478437004405	9.71275793832599	10.0717887753304
5.6	11.9430160352423	12.3439851982379	6.63244334801762	6.55499841409692	9.72195876651982	10.13772969163
5.62	12.3038468193833	12.7223490220264	6.26234902202643	6.67345034361233	9.96129175330396	10.2738908722467
5.64	11.6845894977974	12.5753383964758	6.13692429955947	6.61348817621145	10.4277613039648	10.1015057973568
5.66	11.8640986960352	11.6948475947137	6.03969340969163	7.30022204405286	9.76727050220264	10.2543189603524
5.68	11.5277488634361	11.70510569163	6.67347573568282	7.72360789427313	10.0457224317181	10.4117136211454
5.7	12.5620598237885	12.2007382378855	6.68373383259912	7.21580431718062	9.82417436123348	10.2188880176211
5.72	11.9920536035242	11.672934660793	6.39346329515418	7.24253818502203	10.0467672599119	9.7331108722467
5.74	12.5144702907489	12.1289196299559	6.63147469603524	7.7287434185022	10.1446024493392	10.2705936387665
5.76	11.5931865374449	11.9488693568282	6.11468433480176	7.47468433480176	9.82754777092511	10.4192658325991
5.78	12.1991274537445	12.6308455154185	5.9965723876652	7.22459000881057	9.81648428193833	10.5007133568282
5.8	12.0188128634361	11.7666542731278	6.25766748898678	7.85273356828194	9.90286572687225	10.3421608810573
5.82	11.8347978325991	11.8919784493392	6.22942338325991	7.17532646696035	9.65832206167401	10.7543573039648
5.84	11.7871704669604	11.5921043876652	6.45518808810573	7.40267707488987	10.1516638590308	10.4576550484582
5.86	12.6598074185022	11.4769880352423	6.22941094273128	7.52588671365639	10.0700276828194	10.4308206343612
5.88	12.5590522995595	11.807686660793	6.19825934801762	7.72962498678414	10.0278628722467	10.2121800528634
5.9	12.2419976211454	11.6050813215859	6.02772449339207	7.5349491629956	10.0685174449339	10.4778566519824
5.92	12.353401092511	11.8282028546256	6.31463457268722	7.86309272246696	10.1570134273128	10.5569253215859
5.94	13.0092979559471	11.8737913480176	6.13722747136564	7.92454024669604	10.1574036828194	10.6714124933921
5.96	11.8487190484582	11.8487190484582	6.19259570044053	7.93479834361234	10.0347983436123	10.2754150837004
5.98	12.1749242819383	11.5548361762115	6.19201679295154	7.96681855506608	9.99554102202643	10.153074061674
6	11.8692352422908	11.8692352422908	6.0789268722467	7.52068898678414	10.0186625550661	10.445622907489
6.02	12.0081277004405	11.8695373920705	6.52592505726872	7.68927307488987	9.95535237004405	10.740903030837
6.04	12.3252580440529	11.8897514361233	6.42816553303965	7.5042007753304	9.97107302202643	10.561028969163
6.06	12.5227408105727	12.0032694449339	6.34987737444934	7.98608882819383	10.0911108546255	11.1390403700441
6.08	12.0834834889868	12.7092984669604	7.03114868722467	7.54418833480176	10.0547610220264	10.7903557356828
6.1	12.3949750660793	11.6878385022026	6.07338916299559	7.55585612334802	9.8555918061674	10.8422878414097
6.12	11.9022375682819	12.015277215859	6.25607016740088	7.94549748017621	10.0910481409692	10.4954534273128
6.14	12.7238613039648	11.6577820088106	6.76333266960352	7.92685689867841	10.0418348722467	10.8569009515418
6.16	11.7243396651982	11.7243396651982	6.30301807929515	7.85579340969163	9.89570530396476	10.4900665374449
6.18	12.9894876299559	11.9615581145374	6.1502805814978	7.65741714537445	9.92305591189427	10.5898400528634
6.2	12.3573668722467	11.9541950660793	5.9827413215859	7.87489991189427	9.8532259030837	10.768203876652
6.22	13.0078892863436	11.98207430837	6.25643554185022	8.06815360352423	9.45784523348018	10.6522064669604
6.24	12.6207024493392	12.0971782202643	6.38924870484582	7.76061434361234	9.8737420969163	10.5785879118943
6.26	12.3723702378855	12.7948371982379	6.83589446696035	7.72637904845815	10.0919297092511	10.6625023964758
6.28	13.4053596123348	13.3025402290749	6.37099837885463	8.09892789427313	10.010734061674	10.6035093920705
6.3	12.1105956828194	11.7397586784141	6.19482475770925	8.05852519823788	10.3994943612335	10.8289216740088
6.32	12.9154793303965	12.778563030837	6.24543527753304	8.35213131277533	10.1997965110132	10.526844969163
6.34	12.2282924933921	12.0041515242291	6.67833654625551	8.30767575330397	9.96142024669603	10.5126096740088
6.36	12.0538809867841	12.3280660088106	6.27828627312775	8.07185455506608	10.038110061674	10.9827796651982
6.38	12.1833461321586	11.8461655154185	6.48669414977974	8.15021837885463	10.361672123348	10.8225531806167
6.4	11.9553663436123	12.6262914537445	6.16893462555066	8.37307559471366	10.2232958590308	10.8139566519824
6.42	12.084655277533	11.9188402995595	6.0955803876652	8.52782708370044	9.96580065198238	10.7140825903084
6.44	12.0949133744493	11.8483935506608	6.0864552246696	8.54821733920705	10.694472845815	10.713063154185
6.46	13.3742463612335	11.8957441585903	6.26349746255507	8.91636089867841	10.6830569339207	11.0292243348018
6.48	12.2885573215859	11.678160845815	6.19692736563877	7.99067185903084	10.8993062202643	10.4218612863436
6.5	12.1256876651982	12.1011942731278	6.10313259911894	8.21176696035242	10.6259519823789	10.6110621145374
6.52	12.1359457621145	12.1359457621145	6.2290735154185	8.59946999118943	10.3879281409692	10.9869589779736
6.54	12.1462038590308	11.9534285286344	6.21228315418502	8.06109372687225	10.2901686167401	10.948142185022
6.56	12.1564619559471	11.7440390484582	6.31584521585903	8.55866459911894	10.3809553480176	10.7845676828194
6.58	12.1667200528634	11.8957068370044	6.11896674889868	8.20804163876652	10.2263676299559	11.3129755594714
6.6	12.2392688986784	12.4864935682819	6.47768299559471	8.03829973568282	10.4426169162996	11.8212072246696
6.62	12.2723463788546	11.9350776563877	6.21067237004405	8.91040805286344	10.4508485814978	11.127236246696
6.64	13.0244546960352	12.1486837709251	6.47555601762114	8.15458685462555	10.1814591013216	10.7152035947137
6.66	12.2077524405286	12.2077524405286	6.10942644933921	8.65480089867842	10.4463427488987	10.699206185022
6.68	13.441446660793	12.2180105374449	6.19281229955947	9.23281229955947	10.6367770572687	11.27730569163
6.7	12.7155814096916	12.2298545374449	6.23919374449339	8.4198104845815	10.4409558590308	10.4966386784141
6.72	12.5287469955947	11.876147876652	6.24945184140969	8.24487034361233	10.3824033832599	11.1915663788546
6.74	12.2487848281938	12.2487848281938	6.11882888105727	8.63847645814978	10.2205028898678	10.2785645638767
6.76	12.407412969163	12.111553938326	6.25067288105727	8.48503411453745	10.8512015154185	10.7487345550661
6.78	13.4674508017621	12.2693010220264	6.04154771806168	8.23212040528635	10.4507988193833	11.3104463964758
6.8	12.5737441409692	12.6990304845815	5.92766484581498	8.55039612334802	10.554537092511	11.3659027312775
6.82	12.4306982731278	12.49739430837	6.12884805286344	8.57334144493392	10.5220639118943	11.2488480528634
6.84	12.6769035066079	11.8918814801762	6.11769645814978	8.42051584140969	10.3602515242291	10.8469475594714
