Time(min) rbmS1r rbmRs1         
 0 0 0
0 1.4 1.4         
0.02 1.4 1.76749901909253         
0.04 1.4 2.22554209018426         
0.0600000000000001 1.46341030063889 2.4275572072639         
0.0800000000000001 1.70149320027539 2.90265696370272         
0.1 1.41979138133981 2.88044773799036         
0.12 1.39820401394739 3.13843010386515         
0.14 1.62713671259041 3.33573686509376         
0.16 1.46403215895883 3.53695245004775         
0.18 1.36249157900192 3.83073608777086         
0.2 1.39278496287358 4.03523863813028         
0.22 1.33566283434139 4.13429178480741         
0.24 1.34561256746052 4.15685635813117         
0.26 1.30057225771586 4.38667742580268         
0.28 1.31798429067435 4.33328644719016         
0.3 1.24522686724065 4.46743017049282         
0.32 1.52106545058817 4.66971179828101         
0.34 1.3006610946187 4.40844246700079         
0.36 1.24504919343495 4.7426468955204         
0.38 1.16678388202459 4.70044936666691         
0.4 1.29497553283634 4.88123246396553         
0.42 1.32731216547354 4.79594903723007         
0.44 1.27569792491801 4.95674383138756         
0.46 0.96921061008743 5.08502431910216         
0.48 1.29213275194516 5.02710265844432         
0.5 1.04987451787473 5.15724872111875         
0.52 1.16402993803626 5.29672265859238         
0.54 1.07386048164407 5.46737834896616         
0.56 1.07386048164407 5.46737834896616         
0.58 3.16863465083396 5.46737834896616         
0.6 4.17995395287202 6.32705305784023         
0.62 4.78599930411093 6.73650234307331         
0.64 5.07391970624597 6.89934038599634         
0.66 5.27549063881136 7.36546761524737         
0.68 6.01177088962755 7.63393273565839         
0.7 6.44538381243569 8.11764967167361         
0.72 7.41121862021484 7.82049023164222         
0.74 8.25348129613041 8.05022246241088         
0.76 8.90909763915931 8.30402949385175         
0.78 9.65061926724361 8.34018611331147         
0.8 10.2915775213023 8.71605504926747         
0.82 11.0932417326157 8.76074001140074         
0.84 11.3932439535383 8.92304503290667         
0.86 11.6661509190918 8.99926709555149         
0.88 11.7358878878286 9.07557799509916         
0.9 12.1539543526381 9.01898888798407         
0.92 12.0916796837406 9.24978716158692         
0.94 12.3136831039614 9.40054338572243         
0.96 12.502728033225 9.82234100045159         
0.98 12.2247573642091 9.68793076644038         
1 12.3641424647799 9.70951813383279         
1.02 12.7090961585443 9.89927375831921         
1.04 12.6435345242414 10.3224039265911         
1.06 12.6402475588359 10.2203303252171         
1.08 12.4803411337069 10.2763864109151         
1.1 12.595384922897 10.3711753862554         
1.12 12.687419954249 10.4712945757668         
1.14 12.8745993085528 10.4267872874392         
1.16 13.014872778152 10.5446738575204         
1.18 12.7636420168938 10.6721548131094         
1.2 12.6400698850302 10.9105042234544         
1.22 13.1009557370132 11.1494754921194         
1.24 13.0864753218487 11.2163696799651         
1.26 12.7612434205169 11.5731386818084         
1.28 12.7862954271204 11.3259944180813         
1.3 12.7963339971424 11.1099430703514         
1.32 12.8221855358716 11.3965309189437         
1.34 12.8391533843158 11.3069833208715         
1.36 12.9855566002117 11.3530896734504         
1.38 12.5021950118079 11.4149201578336         
1.4 12.876820231124 11.6778773902679         
1.42 12.9729417600071 11.863102332709         
1.44 12.8192539180776 11.8618586160691         
1.46 12.8653602706564 12.0219427150038         
1.48 12.7981995721023 11.9155161053902         
1.5 12.9036489757845 11.9897837561723         
1.52 12.8332901487278 11.9940479275091         
1.54 12.905159203133 12.3932809689145         
1.56 12.7170026428979 12.479719275387         
1.58 12.9839575359604 12.1924207315719         
1.6 12.9024940960475 12.2479437958528         
1.62 13.2404296744868 12.4506696081552         
1.64 13.1569229858083 12.57646266259         
1.66 13.0627558687879 12.54341533473         
1.68 12.7750131404585 12.738145825776         
1.7 12.7528039147462 12.742854181627         
1.72 12.7577787813058 12.5747747614359         
1.74 12.7523597302319 12.6460219575212         
1.76 13.0106086068153 12.8380873414817         
1.78 12.7973112030738 12.9149312624464         
1.8 12.9898207715485 12.9473567319865         
1.82 12.7289067878797 12.9663678291962         
1.84 13.0366378193502 13.0286424980937         
1.86 12.866781661102 12.9524204354489         
1.88 12.8404859378586 13.0718172328785         
1.9 12.7262416807942 12.9112001125267         
1.92 12.8298255095167 13.2655705179932         
1.94 12.9976384189993 13.2338557436759         
1.96 12.8704239741189 13.2607733252393         
1.98 12.7922474996113 13.311676870572         
2 12.8324906166021 13.3658673813102         
2.02 12.8642053909194 13.5986200667757         
2.04 12.8034409493704 13.4737153813694         
2.06 13.0016360796275 13.8035668016494         
2.08 12.8681142146448 13.5804085016916         
2.1 12.7215333249432 13.6093693320205         
2.12 12.7456969625182 13.722991730765         
2.14 12.6651218916338 13.6624937999245         
2.16 12.8425291866241 13.9042190125778         
2.18 12.8997401520592 13.8873400010364         
2.2 12.7848740366748 13.924740337136         
2.22 12.941760007107 13.8363476188009         
2.24 12.8194315918833 13.8422996912918         
2.26 12.7605327252941 13.9080389994004         
2.28 12.5984942144967 13.9111482910001         
2.3 12.7532480992604 13.8574019647762         
2.32 12.7360137401076 14.3335677640492         
2.34 12.7997986363535 13.9772429467201         
2.36 12.8800183596266 13.9935889368444         
2.38 12.8817062607807 14.1649553224409         
2.4 12.8117027813354 14.2211890819446         
2.42 12.9335870120448 14.3628839419895         
2.44 12.8327571273107 14.2203007129161         
2.46 12.7928693579313 14.3565765218872         
2.48 12.9305665573479 14.3738997179428         
2.5 12.7211779773318 14.2855958365105         
2.52 12.5769068471043 14.4092568052769         
2.54 12.8730890812043 14.5008476521147         
2.56 12.7211779773318 14.3804736487537         
2.58 12.670896290319 14.4837909667676         
2.6 12.7753684880699 14.9825213393644         
2.62 13.0675530615418 14.6353467230287         
2.64 13.0769697732438 14.3969973126837         
2.66 13.5243524159936 14.7712671843884         
2.68 13.2868025377742 14.5650767328748         
2.7 13.4634103006389 14.8338083639944         
2.72 13.6932313683104 14.8784933261277         
2.74 13.5841396516113 14.6358797444458         
2.76 13.6859467422767 14.6349913754173         
2.78 13.7674990190925 14.7723332272226         
2.8 13.8143160668942 14.6448522716336         
2.82 13.7245019581134 14.6781661102022         
2.84 13.7062903930293 14.5976798762206         
2.86 13.6821267554542 14.8642794216718         
2.88 13.6553868476965 15.0331583739886         
2.9 13.8080086467919 15.0190333064355         
2.92 13.9570769697732 14.9504512174357         
2.94 13.7876649960394 14.9509842388528         
2.96 14.1266666173128 14.9582688648865         
2.98 14.0219279088533 15.0168123838643         
3 14.1168057210965 14.8309655831032         
3.02 13.972534590869 15.0595429341348         
3.04 14.1638004427039 15.2501869276497         
3.06 14.2298950984239 15.0587434020092         
3.08 13.9931447523301 15.1725434745593         
3.1 14.1419465646029 15.0473722784445         
3.12 14.1506525810822 15.3466638041442         
3.14 14.2940353422812 15.1365645289053         
3.16 14.1969366074667 15.1951968847859         
3.18 14.3073608777086 15.1538877249609         
3.2 14.3593304658755 15.0527913295183         
3.22 14.1964035860496 15.7116946379526         
3.24 14.4627366207923 15.1134669341645         
3.26 14.4289785977095 15.4118700908357         
3.28 14.6216658399899 15.1716551055308         
3.3 14.7640713952576 15.4136468288927         
3.32 14.5501521331961 15.4122254384471         
3.34 14.7492356324817 15.3263201533917         
3.36 14.6619089569807 15.6011815308079         
3.38 14.8313209307146 15.4220863346634         
3.4 14.5991012666662 15.8109254584354         
3.42 14.8201274809556 15.4183551847437         
3.44 14.8727189274425 15.5254036526773         
3.46 15.0803307694016 15.6122861436641         
3.48 14.9562256161209 15.5763960349129         
3.5 15.0652284959172 15.6790914946069         
3.52 15.028183507429 15.5979834023053         
3.54 15.0212542290067 15.4633954944884         
3.56 15.0424862487877 15.595229458317         
3.58 15.3335159425225 15.608199646133         
3.6 15.2244242258234 15.5269138800258         
3.62 15.0205435337839 15.442963006833         
3.64 14.9220234085239 15.9235706512485         
3.66 15.3736702226105 15.8440616231983         
3.68 15.3107736953931 15.5325994418081         
3.7 15.3565247003605 15.5803048586383         
3.72 15.5007069936852 15.5119892803471         
3.74 15.4209314549264 15.4516690233123         
3.76 15.2395264993078 15.8707126940531         
3.78 15.5282464335685 15.6822007862066         
3.8 15.1922652669919 15.8015087467334         
3.82 15.3599005026688 15.7275964435627         
3.84 15.4520243709237 15.8256723843084         
3.86 15.5119892803471 15.8100370894069         
3.88 15.4300816559199 15.7253755209914         
3.9 15.4688145455622 16.0482976628491         
3.92 15.5470798569726 15.7197787961119         
3.94 15.6988132870394 16.1701818935586         
3.96 15.6596362128828 16.1127932543178         
3.98 15.6686087400706 15.8006203777049         
4 15.4951991057085 15.8843935770919         
4.02 15.6739389542416 16.2627499463277         
4.04 15.6668320020136 15.8833275342577         
4.06 15.6894854122402 15.825938895017         
4.08 15.7396782623502 15.9138874288379         
4.1 15.875509886807 15.7976887599109         
4.12 15.6016257153221 15.8795075474352         
4.14 15.8109254584354 15.8688471190933         
4.16 15.7127606807868 15.7674842129421         
4.18 15.9623923777937 16.0784133729151         
4.2 15.7078746511301 15.8282486544911         
4.22 15.7353252541106 16.0161387040176         
4.24 16.0355051488388 16.2122905855092         
4.26 15.9378733926073 15.9355636331332         
4.28 15.6273884171485 15.8477039362151         
4.3 15.79173668742 16.0245782097883         
4.32 16.0114303481666 16.0411907106212         
4.34 15.7992878241622 15.825317036697         
4.36 15.953952872023 16.0188038111031         
4.38 16.1123490698036 16.1567675212283         
4.4 16.1778218672036 15.8438839493926         
4.42 16.1143034816663 15.9965945853908         
4.44 16.2101584998408 16.0498967271004         
4.46 16.1249639100082 16.0794794157493         
4.48 16.1460182559835 16.6522997653225         
4.5 15.9969499330022 16.0273321537767         
4.52 16.1435308227038 16.0342614321989         
4.54 16.1814641802205 16.1937236728137         
4.56 16.0729054849384 16.1554349676856         
4.58 16.2245500781024 16.1317155146248         
4.6 16.1070188556326 16.133936437196         
4.62 15.7665070070107 16.1189230006145         
4.64 15.9705653728559 15.8940767995025         
4.66 16.0737050170641 16.4788012940576         
4.68 16.5206434752996 15.9627477254051         
4.7 16.0911170500226 16.0805454585835         
4.72 16.0203140384516 16.0801901109721         
4.74 16.1302052872763 16.1714256101985         
4.76 16.1979878441505 16.0203140384516         
4.78 16.1172350994603 16.0530060187002         
4.8 16.3577165954738 16.2542216036542         
4.82 16.1628972675249 16.5154909349344         
4.84 16.1071965294383 16.2160217354289         
4.86 16.1353578276416 16.0410130368155         
4.88 16.1049756068671 16.1309159824991         
4.9 16.300327956233 16.2353881802501         
4.92 16.1037318902272 16.2135343021491         
4.94 16.2042064273499 16.1854618408487         
4.96 16.259640654728 16.4113740847948         
4.98 16.2777633829093 16.2811391852175         
5 16.2455155871749 16.4672524966871         
5.02 16.1105723317466 16.3594933335307         
5.04 16.146906625012 16.9248513832646         
5.06 16.3256464735451 15.8675145655505         
5.08 16.3201385855684 16.3600263549478         
5.1 16.2624834356192 16.3742402594038         
5.12 16.3756616498493 16.0999119034047         
5.14 16.1755121077295 16.0756594289268         
5.16 16.08791892152 16.2168212675545         
5.18 15.9833578868662 16.3096558310322         
5.2 16.3124097750205 16.1382894454356         
5.22 16.3824132544659 16.5814079168487         
5.24 16.0638441208478 16.8372581970551         
5.26 16.2412514158381 16.3642016893818         
5.28 16.4185698739256 16.3554068359997         
5.3 16.2989065657874 16.4137726811718         
5.32 16.3107218738664 16.3936955411278         
5.34 16.2705675937785 16.3111660583807         
5.36 16.111549537678 16.5195774324654         
5.38 16.3948504208648 16.375839323655         
5.4 16.2745652544067 16.1437973334123         
5.42 16.2831824339831 16.1290504075393         
5.44 16.622539402868 16.5213541705224         
5.46 16.3971601803389 16.40062481955         
5.48 16.2609732082707 16.4523278970084         
