0.001 0.014 0.534647 0.00521603 9.2883e-05 0.000723557 0.000409371 0 0.00306651 135.825 0 0.000662261 0.000106351 0.267348 0 0.000219696 0.17217 1 5 0 0 0.001 1.09992
0.005 0.014 1.23828 0.00717082 0.000215148 0.0013479 0.000948109 0 0.00992582 151.029 0 0.0014051 0.000675305 0.619251 0 0.00455534 0.0731727 1 5 0 0 0.005 1.09993
0.009 0.014 1.66606 0.0089477 0.000289455 0.00223973 0.00127548 0 0.0167574 157.212 0 0.00218359 0.00240135 0.833043 0 0.00894859 0.0538667 1 5 0 0 0.009 1.09993
0.013 0.014 1.97052 0.0107408 0.000342369 0.0032521 0.00150857 0 0.0233279 160.802 0 0.00254454 0.00382647 0.985283 0 0.012914 0.0452279 1 5 0 0 0.013 1.09993
0.017 0.014 2.23195 0.0127238 0.00038781 0.00437541 0.00170872 0 0.0304863 163.496 0 0.00286194 0.0054882 1.11601 0 0.0168874 0.0396909 1 5 0 0 0.017 1.09993
0.021 0.014 2.46391 0.0148702 0.000428137 0.00559816 0.00188631 0 0.0384325 165.65 0 0.00315028 0.00736854 1.232 0 0.0208609 0.0357617 1 5 0 0 0.021 1.09993
0.025 0.014 2.67427 0.0171511 0.000464713 0.00691015 0.00204737 0 0.0474329 167.442 0 0.00341442 0.00941918 1.33719 0 0.0248344 0.0327878 1 5 0 0 0.025 1.09993
0.029 0.014 2.86791 0.0195366 0.000498389 0.00830267 0.00219562 0 0.0578368 168.978 0 0.00365887 0.0116029 1.43401 0 0.0288079 0.030436 1 5 0 0 0.029 1.09993
0.033 0.014 3.0481 0.0219964 0.000529736 0.00976823 0.00233359 0 0.0701215 170.32 0 0.00388707 0.0138871 1.52413 0 0.0327815 0.0285157 1 5 0 0 0.033 1.09994
0.037 0.014 3.2172 0.0245008 0.00055916 0.0113004 0.00246306 0 0.0849692 171.512 0 0.00410167 0.0162426 1.60868 0 0.036755 0.0269095 1 5 0 0 0.037 1.09994
0.041 0.014 3.37692 0.0270206 0.000586963 0.0128935 0.00258535 0 0.1034 172.583 0 0.00430469 0.0186425 1.68855 0 0.0407285 0.02554 1 5 0 0 0.041 1.09994
0.045 0.014 3.52858 0.0295272 0.000613376 0.0145426 0.00270147 0 0.127019 173.556 0 0.00449772 0.0210631 1.7644 0 0.044702 0.0243543 1 5 0 0 0.045 1.09994
0.049 0.014 3.67322 0.0319924 0.000638587 0.0162438 0.00281222 0 0.158526 174.447 0 0.00468207 0.0234848 1.83673 0 0.0486755 0.0233148 1 5 0 0 0.049 1.09994
0.053 0.014 3.81168 0.0343868 0.000662748 0.0179938 0.00291823 0 0.202834 175.269 0 0.00485882 0.0258933 1.90597 0 0.052649 0.0223936 1 5 0 0 0.053 1.09994
0.057 0.014 3.94464 0.0366736 0.000685996 0.0197913 0.00302004 0 0.269963 176.032 0 0.00502895 0.0282812 1.97246 0 0.0566225 0.0215699 1 5 0 0 0.057 1.09994
0.061 0.014 4.07265 0.0387761 0.00070848 0.021639 0.00311805 0 0.384015 176.742 0 0.00519352 0.0306372 2.03648 0 0.060596 0.0208276 1 5 0 0 0.061 1.09994
0.065 0.014 4.1962 0.040378 0.00073045 0.0235554 0.00321265 0 0.621567 177.408 0 0.00535428 0.0328366 2.09826 0 0.0645695 0.0201541 1 5 0 0 0.065 1.09994
0.069 0.014 4.31535 0.0387228 0.000753192 0.0256868 0.00330413 0 1.42375 178.032 0 0.0055186 0.0333394 2.15801 0 0.068543 0.0195395 1 5 0 0 0.069 1.09994
0.073 0.014 4.38493 0.022255 0.000916746 0.0298786 0.00339251 0 5.50738 178.325 0 0.00585562 0.0237507 2.21573 0 0.0725173 0.018974 1 5 0 0 0.073 1.09994
0.077 0.014 0.0208585 0.914307 0.0010113 1.55163e-06 2.30951e-05 0 5.82121 54.2205 0 0.930502 0.957228 0.0150838 0 0.0764901 0.000122525 1 5 0 0 0.077 1.0998
0.081 0.014 0.0208584 0.914307 5.95754e-05 1.54292e-06 2.30696e-05 0 5.82121 54.2288 0 0.00139913 0.999811 0.0150671 0 0.0804636 0.000116402 1 5 0 0 0.081 1.0998
0.085 0.014 0.0208584 0.914307 5.87697e-05 1.54288e-06 2.30695e-05 0 5.82121 54.2235 0 0.000431489 0.999811 0.0150671 0 0.0844371 0.000110973 1 5 0 0 0.085 1.0998
0.089 0.014 0.0208585 0.914307 5.86775e-05 1.54284e-06 2.30696e-05 0 5.82121 54.2186 0 0.000430096 0.999811 0.0150671 0 0.0884106 0.000106027 1 5 0 0 0.089 1.0998
0.093 0.014 0.0208585 0.914307 5.85936e-05 1.54281e-06 2.30696e-05 0 5.82121 54.2141 0 0.000429477 0.999811 0.0150671 0 0.0923841 0.000101504 1 5 0 0 0.093 1.0998
0.097 0.014 0.0208585 0.914307 5.85166e-05 1.54278e-06 2.30696e-05 0 5.82121 54.2099 0 0.000428909 0.999811 0.0150671 0 0.0963576 9.73509e-05 1 5 0 0 0.097 1.0998
0.101 0.014 0.0208585 0.914307 5.84457e-05 1.54275e-06 2.30696e-05 0 5.82121 54.2061 0 0.000428385 0.999811 0.0150671 0 0.100331 9.35243e-05 1 5 0 0 0.101 1.0998
0.105 0.014 0.0208585 0.914307 5.83801e-05 1.54273e-06 2.30696e-05 0 5.82121 54.2026 0 0.000427902 0.999811 0.0150671 0 0.104305 8.9987e-05 1 5 0 0 0.105 1.0998
0.109 0.014 0.0208585 0.914307 5.83193e-05 1.54271e-06 2.30696e-05 0 5.82121 54.1994 0 0.000427454 0.999811 0.0150671 0 0.108278 8.67076e-05 1 5 0 0 0.109 1.0998
0.113 0.014 0.0208585 0.914307 5.82627e-05 1.54269e-06 2.30696e-05 0 5.82121 54.1963 0 0.000427037 0.999811 0.0150671 0 0.112252 8.36589e-05 1 5 0 0 0.113 1.0998
0.117 0.014 0.0208585 0.914307 5.821e-05 1.54267e-06 2.30696e-05 0 5.82121 54.1935 0 0.000426649 0.999811 0.0150671 0 0.116225 8.08172e-05 1 5 0 0 0.117 1.0998
0.121 0.014 0.0208585 0.914307 5.81608e-05 1.54265e-06 2.30696e-05 0 5.82121 54.1909 0 0.000426286 0.999811 0.0150671 0 0.120199 7.81622e-05 1 5 0 0 0.121 1.0998
0.121 0.014 0.0208585 0.914307 5.81608e-05 1.54265e-06 2.30696e-05 0 5.82121 54.1909 0 0.00042626 0.999811 0.0150671 0 0.120199 7.81622e-05 1 5 0 0 0.121 1.0998
0.117 0.014 0.0208585 0.914307 5.821e-05 1.54267e-06 2.30695e-05 0 5.82121 54.1935 0 0.000426595 0.999811 0.0150671 0 0.116225 8.0817e-05 1 5 0 0 0.117 1.0998
0.113 0.014 0.0208585 0.914307 5.82626e-05 1.54269e-06 2.30695e-05 0 5.82121 54.1964 0 0.000426979 0.999811 0.0150671 0 0.112252 8.36586e-05 1 5 0 0 0.113 1.0998
0.109 0.014 0.0208585 0.914307 5.83192e-05 1.54271e-06 2.30695e-05 0 5.82121 54.1994 0 0.000427392 0.999811 0.0150671 0 0.108278 8.67073e-05 1 5 0 0 0.109 1.0998
0.105 0.014 0.0208585 0.914307 5.83799e-05 1.54273e-06 2.30695e-05 0 5.82121 54.2027 0 0.000427835 0.999811 0.0150671 0 0.104305 8.99866e-05 1 5 0 0 0.105 1.0998
0.101 0.014 0.0208585 0.914307 5.84455e-05 1.54275e-06 2.30694e-05 0 5.82121 54.2062 0 0.000428313 0.999811 0.0150671 0 0.100331 9.35237e-05 1 5 0 0 0.101 1.0998
0.097 0.014 0.0208585 0.914307 5.85165e-05 1.54278e-06 2.30694e-05 0 5.82121 54.21 0 0.00042883 0.999811 0.0150671 0 0.0963576 9.73503e-05 1 5 0 0 0.097 1.0998
0.093 0.014 0.0208585 0.914307 5.85934e-05 1.54281e-06 2.30694e-05 0 5.82121 54.2142 0 0.000429391 0.999811 0.0150671 0 0.0923841 0.000101503 1 5 0 0 0.093 1.0998
0.089 0.014 0.0208585 0.914307 5.86773e-05 1.54284e-06 2.30694e-05 0 5.82121 54.2187 0 0.000430002 0.999811 0.0150671 0 0.0884106 0.000106027 1 5 0 0 0.089 1.0998
0.085 0.014 0.0208584 0.914307 5.8769e-05 1.54288e-06 2.30693e-05 0 5.82121 54.2236 0 0.00043067 0.999811 0.0150671 0 0.0844371 0.000110972 1 5 0 0 0.085 1.0998
0.081 0.014 0.0208584 0.914307 5.88696e-05 1.54291e-06 2.30693e-05 0 5.82121 54.229 0 0.000431403 0.999811 0.0150671 0 0.0804636 0.000116401 1 5 0 0 0.081 1.0998
0.077 0.014 0.0208584 0.914307 5.89806e-05 1.54296e-06 2.30693e-05 0 5.82121 54.2349 0 0.000432211 0.999811 0.0150671 0 0.0764901 0.000122388 1 5 0 0 0.077 1.0998
0.073 0.014 0.0208584 0.914307 5.91037e-05 1.543e-06 2.30693e-05 0 5.82121 54.2415 0 0.000433107 0.999811 0.0150671 0 0.0725166 0.000129026 1 5 0 0 0.073 1.0998
0.069 0.014 0.0208584 0.914307 5.92408e-05 1.54305e-06 2.30693e-05 0 5.82121 54.2489 0 0.000434104 0.999811 0.0150671 0 0.0685431 0.000136424 1 5 0 0 0.069 1.0998
0.065 0.014 0.0208584 0.914307 5.93947e-05 1.54311e-06 2.30693e-05 0 5.82121 54.2571 0 0.000435223 0.999811 0.0150671 0 0.0645695 0.000144722 1 5 0 0 0.065 1.0998
0.061 0.014 0.0208584 0.914307 5.95684e-05 1.54318e-06 2.30692e-05 0 5.82121 54.2664 0 0.000436486 0.999811 0.0150671 0 0.060596 0.000154095 1 5 0 0 0.061 1.0998
0.057 0.014 0.0208584 0.914307 5.97663e-05 1.54325e-06 2.30692e-05 0 5.82121 54.277 0 0.000437924 0.999811 0.0150671 0 0.0566225 0.000164766 1 5 0 0 0.057 1.0998
0.053 0.014 0.0208584 0.914307 5.99936e-05 1.54334e-06 2.30692e-05 0 5.82121 54.2891 0 0.000439574 0.999811 0.0150671 0 0.052649 0.000177026 1 5 0 0 0.053 1.0998
0.049 0.014 0.0208584 0.914307 6.02574e-05 1.54344e-06 2.30692e-05 0 5.82121 54.3032 0 0.000441488 0.999811 0.0150671 0 0.0486755 0.000191256 1 5 0 0 0.049 1.0998
0.045 0.014 0.0208584 0.914307 6.05673e-05 1.54356e-06 2.30692e-05 0 5.82121 54.3197 0 0.000443736 0.999811 0.0150671 0 0.044702 0.000207974 1 5 0 0 0.045 1.0998
0.041 0.014 0.0208584 0.914307 6.09366e-05 1.5437e-06 2.30692e-05 0 5.82121 54.3394 0 0.000446411 0.999811 0.0150671 0 0.0407285 0.000227895 1 5 0 0 0.041 1.0998
0.037 0.014 0.0208583 0.914307 6.13841e-05 1.54387e-06 2.30691e-05 0 5.82121 54.3632 0 0.00044965 0.999811 0.0150671 0 0.036755 0.000252036 1 5 0 0 0.037 1.0998
0.033 0.014 0.0208583 0.914307 6.19376e-05 1.54408e-06 2.30691e-05 0 5.82121 54.3927 0 0.000453652 0.999811 0.0150671 0 0.0327815 0.000281898 1 5 0 0 0.033 1.0998
0.029 0.014 0.0208583 0.914307 6.26399e-05 1.54435e-06 2.30691e-05 0 5.82121 54.4299 0 0.000458722 0.999811 0.0150671 0 0.028808 0.000319787 1 5 0 0 0.029 1.0998
0.025 0.014 0.0208583 0.914307 6.35603e-05 1.54471e-06 2.30691e-05 0 5.82121 54.4787 0 0.000465355 0.999811 0.0150671 0 0.0248344 0.000369443 1 5 0 0 0.025 1.0998
0.021 0.014 0.0208582 0.914307 6.48189e-05 1.5452e-06 2.30691e-05 0 5.82121 54.5451 0 0.000474405 0.999811 0.0150671 0 0.0208609 0.000437355 1 5 0 0 0.021 1.0998
0.017 0.014 0.0208581 0.914307 6.66443e-05 1.54591e-06 2.3069e-05 0 5.82121 54.6411 0 0.000487494 0.999811 0.015067 0 0.0168874 0.000535858 1 5 0 0 0.017 1.0998
0.013 0.014 0.020858 0.914307 6.95304e-05 1.54707e-06 2.3069e-05 0 5.82121 54.7919 0 0.000508116 0.999811 0.015067 0 0.0129139 0.000691629 1 5 0 0 0.013 1.0998
0.00900001 0.014 0.0208578 0.914307 7.47807e-05 1.54922e-06 2.30689e-05 0 5.82121 55.0634 0 0.000545475 0.999811 0.015067 0 0.00894041 0.000975082 1 5 0 0 0.00900001 1.0998
0.00500001 0.014 0.0208574 0.914307 8.73153e-05 1.55464e-06 2.30687e-05 0 5.82121 55.697 0 0.000634627 0.999811 0.0150668 0 0.0049669 0.00165221 1 5 0 0 0.00500001 1.0998
0.00100001 0.014 0.0208551 0.914307 0.000157651 1.59231e-06 2.30682e-05 0 5.82121 58.9229 0 0.00120197 0.999811 0.0150665 0 0.000983966 0.00543685 1 5 0 0 0.00100001 1.09981
