Time(min) prod sp3 fsc2 qsc2 fsq1 fum suc qh psi fc2 OAAm Aspm Glu_i ATP
0.35 138.825 0.00128111 5.57081e-07 0.000168449 0.0192763 0.00270552 0.830744 0.307877 100.746 0 0.00323602 0.0879694 0.0516295 0.998112
0.7 140.57 0.00128111 5.57081e-07 0.000168449 0.0192763 0.00460116 1.1847 0.403864 111.913 0 0.00384576 0.0949357 0.0481753 0.998305
1.05 141.449 0.00128111 5.57081e-07 0.000168449 0.0192763 0.00615377 1.47381 0.457247 112.857 0 0.00425903 0.0991035 0.0462604 0.998319
1.4 142.009 0.00128111 5.57081e-07 0.000168449 0.0192763 0.00749781 1.7269 0.493419 111.511 0 0.00457698 0.102056 0.0449675 0.998299
1.75 142.454 0.00128111 5.57081e-07 0.000168449 0.0192763 0.00869675 1.95618 0.520408 109.448 0 0.0048375 0.104331 0.0440058 0.998267
2.1 142.803 0.00128111 5.57081e-07 0.000168449 0.0192763 0.00978616 2.16808 0.541727 107.155 0 0.00505913 0.106171 0.0432481 0.99823
2.45 143.087 0.00128111 5.57081e-07 0.000168449 0.0192763 0.0107898 2.36674 0.559239 104.813 0 0.00525265 0.107713 0.0426272 0.998191
2.8 143.326 0.00128111 5.57081e-07 0.000168449 0.0192763 0.0117231 2.5547 0.574018 102.498 0 0.00542468 0.109035 0.0421043 0.99815
3.15 143.53 0.00128111 5.57081e-07 0.000168449 0.0192763 0.0125974 2.73383 0.586751 100.244 0 0.00557972 0.11019 0.0416546 0.998108
3.5 143.708 0.00128111 5.57081e-07 0.000168449 0.0192763 0.0134213 2.90548 0.597899 98.0629 0 0.00572097 0.111213 0.0412615 0.998066
3.85 143.865 0.00128111 5.57081e-07 0.000168449 0.0192763 0.0142014 3.0707 0.607786 95.9598 0 0.00585077 0.11213 0.0409134 0.998024
4.2 144.005 0.00128111 5.57081e-07 0.000168449 0.0192763 0.014943 3.23031 0.616648 93.9336 0 0.0059709 0.112959 0.0406017 0.997981
4.55 144.131 0.00128111 5.57081e-07 0.000168449 0.0192763 0.0156506 3.38496 0.624663 91.9815 0 0.00608275 0.113715 0.0403202 0.997939
4.9 144.245 0.00128111 5.57081e-07 0.000168449 0.0192763 0.0163275 3.53519 0.631965 90.0999 0 0.00618742 0.114408 0.040064 0.997896
5.25 144.35 0.00128111 5.57081e-07 0.000168449 0.0192763 0.0169768 3.68142 0.638661 88.2851 0 0.00628578 0.115049 0.0398294 0.997853
5.6 144.445 0.00128111 5.57081e-07 0.000168449 0.0192763 0.0176011 3.82406 0.644837 86.5323 0 0.0063786 0.115642 0.0396131 0.997809
5.95 144.533 0.00128111 5.57081e-07 0.000168449 0.0192763 0.0182025 3.96341 0.650561 84.8379 0 0.00646646 0.116196 0.0394129 0.997765
6.3 144.615 0.00128111 5.57081e-07 0.000168449 0.0192763 0.0187828 4.09974 0.655889 83.1983 0 0.00654988 0.116713 0.0392267 0.997722
6.65 144.691 0.00128111 5.57081e-07 0.000168449 0.0192763 0.0193437 4.23329 0.660867 81.6099 0 0.00662928 0.117199 0.0390529 0.997677
7 144.761 0.00128111 5.57081e-07 0.000168449 0.0192763 0.0198867 4.36426 0.665535 80.0696 0 0.00670505 0.117656 0.03889 0.997633
7.35 144.827 0.00128111 5.57081e-07 0.000168449 0.0192763 0.0204129 4.49284 0.669925 78.5744 0 0.00677749 0.118088 0.0387369 0.997588
7.7 144.889 0.00128111 5.57081e-07 0.000168449 0.0192763 0.0209235 4.61919 0.674066 77.1216 0 0.0068469 0.118497 0.0385926 0.997542
8.05 144.947 0.00128111 5.57081e-07 0.000168449 0.0192763 0.0214196 4.74344 0.677982 75.7087 0 0.00691351 0.118884 0.0384563 0.997497
8.4 145.002 0.00128111 5.57081e-07 0.000168449 0.0192763 0.021902 4.86573 0.681695 74.3334 0 0.00697754 0.119253 0.0383271 0.99745
8.75 145.053 0.00128111 5.57081e-07 0.000168449 0.0192763 0.0223715 4.98617 0.685221 72.9937 0 0.00703919 0.119604 0.0382045 0.997404
9.1 145.102 0.00128111 5.57081e-07 0.000168449 0.0192763 0.0228289 5.10487 0.688578 71.6874 0 0.00709861 0.119939 0.0380879 0.997357
9.45 145.148 0.00128111 5.57081e-07 0.000168449 0.0192763 0.0232749 5.22192 0.691779 70.413 0 0.00715597 0.120259 0.0379767 0.997309
9.8 145.191 0.00128111 5.57081e-07 0.000168449 0.0192763 0.02371 5.33741 0.694837 69.1686 0 0.0072114 0.120565 0.0378707 0.997261
10.15 145.233 0.00128111 5.57081e-07 0.000168449 0.0192763 0.0241348 5.45141 0.697763 67.9528 0 0.00726501 0.120859 0.0377692 0.997212
10.5 145.272 0.00128111 5.57081e-07 0.000168449 0.0192763 0.0245499 5.56399 0.700566 66.7643 0 0.00731693 0.121141 0.0376721 0.997162
10.85 145.309 0.00128111 5.57081e-07 0.000168449 0.0192763 0.0249557 5.67523 0.703257 65.6015 0 0.00736726 0.121412 0.037579 0.997112
11.2 145.344 0.00128111 5.57081e-07 0.000168449 0.0192763 0.0253527 5.78519 0.705841 64.4634 0 0.00741609 0.121672 0.0374896 0.997061
11.55 145.378 0.00128111 5.57081e-07 0.000168449 0.0192763 0.0257412 5.89392 0.708328 63.3487 0 0.00746349 0.121923 0.0374037 0.99701
11.9 145.41 0.00128111 5.57081e-07 0.000168449 0.0192763 0.0261216 6.00147 0.710722 62.2564 0 0.00750955 0.122165 0.037321 0.996957
12.25 145.44 0.00128111 5.57081e-07 0.000168449 0.0192763 0.0264944 6.1079 0.713031 61.1855 0 0.00755434 0.122399 0.0372414 0.996904
12.6 145.469 0.00128111 5.57081e-07 0.000168449 0.0192763 0.0268597 6.21324 0.715259 60.1352 0 0.00759793 0.122624 0.0371646 0.99685
12.95 145.497 0.00128111 5.57081e-07 0.000168449 0.0192763 0.027218 6.31755 0.717411 59.1045 0 0.00764036 0.122843 0.0370905 0.996796
13.3 145.523 0.00128111 5.57081e-07 0.000168449 0.0192763 0.0275695 6.42085 0.719492 58.0926 0 0.00768171 0.123053 0.0370189 0.99674
13.65 145.548 0.00128111 5.57081e-07 0.000168449 0.0192763 0.0279144 6.52319 0.721507 57.0988 0 0.00772201 0.123258 0.0369496 0.996683
14 145.572 0.00128111 5.57081e-07 0.000168449 0.0192763 0.0282531 6.6246 0.723458 56.1223 0 0.00776132 0.123456 0.0368827 0.996626
14.35 145.594 0.00128111 5.57081e-07 0.000168449 0.0192763 0.0285857 6.72512 0.725349 55.1624 0 0.00779968 0.123647 0.0368178 0.996567
14.7 145.616 0.00128111 5.57081e-07 0.000168449 0.0192763 0.0289125 6.82477 0.727183 54.2186 0 0.00783714 0.123833 0.036755 0.996508
15.05 145.637 0.00128111 5.57081e-07 0.000168449 0.0192763 0.0292336 6.92358 0.728964 53.2902 0 0.00787372 0.124014 0.0366941 0.996447
15.4 145.655 0.00128111 5.57081e-07 0.000168449 0.0192763 0.0295493 7.02158 0.730694 52.3767 0 0.00790947 0.124189 0.036635 0.996386
15.75 145.674 0.00128111 5.57081e-07 0.000168449 0.0192763 0.0298598 7.11881 0.732376 51.4775 0 0.00794442 0.12436 0.0365777 0.996323
16.1 145.692 0.00128111 5.57081e-07 0.000168449 0.0192763 0.0301653 7.21527 0.734011 50.5921 0 0.00797861 0.124526 0.036522 0.996259
16.45 145.708 0.00128111 5.57081e-07 0.000168449 0.0192763 0.0304658 7.31099 0.735603 49.72 0 0.00801205 0.124687 0.0364678 0.996193
16.8 145.724 0.00128111 5.57081e-07 0.000168449 0.0192763 0.0307616 7.406 0.737154 48.8608 0 0.00804478 0.124844 0.0364152 0.996127
17.15 145.739 0.00128111 5.57081e-07 0.000168449 0.0192763 0.0310528 7.50032 0.738665 48.014 0 0.00807682 0.124996 0.036364 0.996058
17.5 145.754 0.00128111 5.57081e-07 0.000168449 0.0192763 0.0313395 7.59397 0.740138 47.1792 0 0.00810821 0.125145 0.0363142 0.995989
17.85 145.767 0.00128111 5.57081e-07 0.000168449 0.0192763 0.0316219 7.68696 0.741575 46.356 0 0.00813895 0.12529 0.0362657 0.995918
18.2 145.78 0.00128111 5.57081e-07 0.000168449 0.0192763 0.0319002 7.77932 0.742977 45.5441 0 0.00816908 0.125431 0.0362184 0.995846
18.55 145.791 0.00128111 5.57081e-07 0.000168449 0.0192763 0.0321743 7.87106 0.744346 44.743 0 0.00819861 0.125569 0.0361724 0.995772
18.9 145.803 0.00128111 5.57081e-07 0.000168449 0.0192763 0.0324446 7.9622 0.745684 43.9525 0 0.00822756 0.125703 0.0361275 0.995696
19.25 145.813 0.00128111 5.57081e-07 0.000168449 0.0192763 0.0327109 8.05274 0.746991 43.1722 0 0.00825595 0.125834 0.0360838 0.995618
19.6 145.822 0.00128111 5.57081e-07 0.000168449 0.0192763 0.0329736 8.14272 0.748269 42.4017 0 0.0082838 0.125962 0.0360411 0.995539
19.95 145.831 0.00128111 5.57081e-07 0.000168449 0.0192763 0.0332326 8.23214 0.749519 41.6409 0 0.00831112 0.126087 0.0359995 0.995458
20.3 145.839 0.00128111 5.57081e-07 0.000168449 0.0192763 0.033488 8.32101 0.750743 40.8893 0 0.00833792 0.126209 0.0359589 0.995375
20.65 145.847 0.00128111 5.57081e-07 0.000168449 0.0192763 0.0337401 8.40936 0.751941 40.1468 0 0.00836424 0.126327 0.0359193 0.99529
21 145.853 0.00128111 5.57081e-07 0.000168449 0.0192763 0.0339887 8.49718 0.753114 39.413 0 0.00839006 0.126444 0.0358806 0.995202
21.35 145.859 0.00128111 5.57081e-07 0.000168449 0.0192763 0.0342341 8.5845 0.754263 38.6877 0 0.00841542 0.126557 0.0358428 0.995113
21.7 145.864 0.00128111 5.57081e-07 0.000168449 0.0192763 0.0344763 8.67133 0.75539 37.9706 0 0.00844031 0.126668 0.035806 0.995021
22.05 145.869 0.00128111 5.57081e-07 0.000168449 0.0192763 0.0347153 8.75767 0.756495 37.2615 0 0.00846476 0.126776 0.0357699 0.994927
22.4 145.873 0.00128111 5.57081e-07 0.000168449 0.0192763 0.0349514 8.84354 0.757578 36.5602 0 0.00848877 0.126882 0.0357347 0.99483
22.75 145.876 0.00128111 5.57081e-07 0.000168449 0.0192763 0.0351844 8.92894 0.758642 35.8664 0 0.00851235 0.126986 0.0357004 0.994731
23.1 145.878 0.00128111 5.57081e-07 0.000168449 0.0192763 0.0354145 9.01389 0.759685 35.18 0 0.00853551 0.127087 0.0356668 0.994628
23.45 145.879 0.00128111 5.57081e-07 0.000168449 0.0192763 0.0356418 9.0984 0.76071 34.5007 0 0.00855826 0.127186 0.035634 0.994523
23.8 145.88 0.00128111 5.57081e-07 0.000168449 0.0192763 0.0358663 9.18248 0.761717 33.8283 0 0.00858061 0.127282 0.0356019 0.994415
24.15 145.88 0.00128111 5.57081e-07 0.000168449 0.0192763 0.0360881 9.26613 0.762706 33.1625 0 0.00860257 0.127377 0.0355706 0.994303
24.5 145.879 0.00128111 5.57081e-07 0.000168449 0.0192763 0.0363072 9.34937 0.763679 32.5033 0 0.00862414 0.127469 0.0355399 0.994189
24.85 145.878 0.00128111 5.57081e-07 0.000168449 0.0192763 0.0365237 9.4322 0.764635 31.8505 0 0.00864533 0.127559 0.03551 0.99407
25.2 145.875 0.00128111 5.57081e-07 0.000168449 0.0192763 0.0367376 9.51463 0.765576 31.2037 0 0.00866614 0.127647 0.0354808 0.993948
25.55 145.872 0.00128111 5.57081e-07 0.000168449 0.0192763 0.036949 9.59666 0.766501 30.5629 0 0.00868658 0.127733 0.0354523 0.993822
25.9 145.868 0.00128111 5.57081e-07 0.000168449 0.0192763 0.037158 9.67832 0.767412 29.9279 0 0.00870666 0.127817 0.0354244 0.993692
26.25 145.863 0.00128111 5.57081e-07 0.000168449 0.0192763 0.0373645 9.75959 0.768309 29.2985 0 0.00872638 0.127899 0.0353972 0.993557
26.6 145.857 0.00128111 5.57081e-07 0.000168449 0.0192763 0.0375686 9.8405 0.769193 28.6745 0 0.00874574 0.12798 0.0353706 0.993418
26.95 145.85 0.00128111 5.57081e-07 0.000168449 0.0192763 0.0377705 9.92104 0.770063 28.0557 0 0.00876475 0.128058 0.0353447 0.993273
27.3 145.842 0.00128111 5.57081e-07 0.000168449 0.0192763 0.03797 10.0012 0.770921 27.442 0 0.00878341 0.128134 0.0353194 0.993124
27.65 145.833 0.00128111 5.57081e-07 0.000168449 0.0192763 0.0381672 10.0811 0.771768 26.8332 0 0.00880172 0.128209 0.0352948 0.992969
28 145.824 0.00128111 5.57081e-07 0.000168449 0.0192763 0.0383622 10.1606 0.772602 26.2292 0 0.00881968 0.128282 0.0352708 0.992808
28.35 145.813 0.00128111 5.57081e-07 0.000168449 0.0192763 0.038555 10.2397 0.773426 25.6297 0 0.0088373 0.128352 0.0352474 0.992641
28.7 145.8 0.00128111 5.57081e-07 0.000168449 0.0192763 0.0387457 10.3185 0.774239 25.0346 0 0.00885457 0.128421 0.0352246 0.992468
29.05 145.787 0.00128111 5.57081e-07 0.000168449 0.0192763 0.0389342 10.397 0.775043 24.4438 0 0.00887149 0.128488 0.0352025 0.992287
29.4 145.773 0.00128111 5.57081e-07 0.000168449 0.0192763 0.0391206 10.4752 0.775836 23.8569 0 0.00888806 0.128553 0.035181 0.992099
29.75 145.757 0.00128111 5.57081e-07 0.000168449 0.0192763 0.0393049 10.5531 0.77662 23.2739 0 0.00890428 0.128617 0.0351601 0.991903
30.1 145.74 0.00128111 5.57081e-07 0.000168449 0.0192763 0.0394871 10.6306 0.777396 22.6946 0 0.00892015 0.128678 0.0351399 0.991698
30.45 145.721 0.00128111 5.57081e-07 0.000168449 0.0192763 0.0396673 10.7079 0.778164 22.1187 0 0.00893566 0.128738 0.0351203 0.991483
30.8 145.7 0.00128111 5.57081e-07 0.000168449 0.0192763 0.0398454 10.7848 0.778923 21.5462 0 0.0089508 0.128795 0.0351014 0.991259
31.15 145.678 0.00128111 5.57081e-07 0.000168449 0.0192763 0.0400215 10.8615 0.779676 20.9766 0 0.00896556 0.12885 0.0350831 0.991024
31.5 145.654 0.00128111 5.57081e-07 0.000168449 0.0192763 0.0401955 10.9378 0.780422 20.41 0 0.00897995 0.128904 0.0350656 0.990777
31.85 145.628 0.00128111 5.57081e-07 0.000168449 0.0192763 0.0403676 11.0139 0.781161 19.8459 0 0.00899395 0.128955 0.0350488 0.990517
32.2 145.599 0.00128111 5.57081e-07 0.000168449 0.0192763 0.0405376 11.0897 0.781895 19.2842 0 0.00900754 0.129004 0.0350327 0.990244
32.55 145.569 0.00128111 5.57081e-07 0.000168449 0.0192763 0.0407056 11.1652 0.782624 18.7245 0 0.00902071 0.129051 0.0350174 0.989955
32.9 145.536 0.00128111 5.57081e-07 0.000168449 0.0192763 0.0408716 11.2405 0.783349 18.1667 0 0.00903345 0.129095 0.0350029 0.98965
33.25 145.5 0.00128111 5.57081e-07 0.000168449 0.0192763 0.0410355 11.3155 0.78407 17.6103 0 0.00904573 0.129137 0.0349892 0.989327
33.6 145.46 0.00128111 5.57081e-07 0.000168449 0.0192763 0.0411973 11.3902 0.784788 17.055 0 0.00905753 0.129176 0.0349765 0.988983
33.95 145.418 0.00128111 5.57081e-07 0.000168449 0.0192763 0.041357 11.4646 0.785504 16.5004 0 0.00906882 0.129213 0.0349647 0.988617
34.3 145.372 0.00128111 5.57081e-07 0.000168449 0.0192763 0.0415146 11.5389 0.786219 15.946 0 0.00907957 0.129246 0.0349539 0.988226
34.65 145.321 0.00128111 5.57081e-07 0.000168449 0.0192763 0.04167 11.6128 0.786933 15.3913 0 0.00908973 0.129276 0.0349442 0.987807
35 145.266 0.00128111 5.57081e-07 0.000168449 0.0192763 0.0418231 11.6865 0.787649 14.8357 0 0.00909925 0.129303 0.0349358 0.987356
35.35 145.206 0.00128111 5.57081e-07 0.000168449 0.0192763 0.0419738 11.76 0.788368 14.2784 0 0.00910807 0.129326 0.0349287 0.986869
35.7 145.139 0.00128111 5.57081e-07 0.000168449 0.0192763 0.042122 11.8332 0.789091 13.7187 0 0.00911612 0.129344 0.0349231 0.986341
36.05 145.065 0.00128111 5.57081e-07 0.000168449 0.0192763 0.0422675 11.9062 0.78982 13.1553 0 0.00912331 0.129357 0.0349191 0.985764
36.4 144.982 0.00128111 5.57081e-07 0.000168449 0.0192763 0.0424102 11.979 0.790558 12.587 0 0.0091295 0.129365 0.0349171 0.985131
36.75 144.89 0.00128111 5.57081e-07 0.000168449 0.0192763 0.0425498 12.0515 0.791309 12.0121 0 0.00913454 0.129366 0.0349174 0.984431
37.1 144.785 0.00128111 5.57081e-07 0.000168449 0.0192763 0.0426858 12.1238 0.792076 11.4284 0 0.00913823 0.129359 0.0349203 0.983649
37.45 144.666 0.00128111 5.57081e-07 0.000168449 0.0192763 0.0428179 12.196 0.792865 10.8329 0 0.00914029 0.129343 0.0349265 0.982766
37.8 144.526 0.00128111 5.57081e-07 0.000168449 0.0192763 0.0429452 12.2678 0.793687 10.2208 0 0.00914026 0.129315 0.0349369 0.981753
38.15 144.362 0.00128111 5.57081e-07 0.000168449 0.0192763 0.0430665 12.3395 0.794553 9.58497 0 0.00913748 0.12927 0.0349529 0.980565
38.5 0.000287324 0.00128111 5.57081e-07 0.000168449 0.0192763 5.73622e-06 12.2138 0.914634 6.99353e-07 0 1.28731e-07 1.27353e-05 0.166658 0.467026
38.85 0.000341627 0.00128111 5.57081e-07 0.000168449 0.0192763 0.0101262 10.3359 0.914634 4.45155e-07 0 2.3757e-09 7.37381e-07 0.528464 0.000733731
39.2 0.000407849 0.00128111 5.57081e-07 0.000168449 0.0192763 0.0223114 8.74419 0.914634 5.28926e-07 0 2.56298e-09 1.09354e-06 0.728191 3.87201e-06
39.55 0.000484787 0.00128111 5.57081e-07 0.000168449 0.0192763 0.0342091 7.39898 0.914634 6.29507e-07 0 2.73311e-09 1.40774e-06 0.882868 3.22825e-06
39.9 0.000578075 0.00128111 5.57081e-07 0.000168449 0.0192763 0.0458413 6.25921 0.914634 7.50414e-07 0 2.97226e-09 1.74871e-06 1.01362 3.8445e-06
40.25 0.000690311 0.00128111 5.57081e-07 0.000168449 0.0192763 0.0571838 5.29598 0.914634 8.95819e-07 0 3.28978e-09 2.14148e-06 1.12853 4.58859e-06
40.6 0.000826199 0.00128111 5.57081e-07 0.000168449 0.0192763 0.0682049 4.4798 0.914634 1.07179e-06 0 3.69557e-09 2.60679e-06 1.2322 5.48775e-06
40.95 0.000991269 0.00128111 5.57081e-07 0.000168449 0.0192763 0.0788505 3.78917 0.914633 1.28546e-06 0 4.20442e-09 3.16524e-06 1.32719 6.57918e-06
41.3 0.00119259 0.00128111 5.57081e-07 0.000168449 0.0192763 0.0890505 3.20553 0.914633 1.54592e-06 0 4.83767e-09 3.84108e-06 1.4152 7.90847e-06
41.65 0.00144042 0.00128111 5.57081e-07 0.000168449 0.0192763 0.0987272 2.71095 0.914633 1.86636e-06 0 5.62985e-09 4.66831e-06 1.49753 9.54207e-06
42 0.00174769 0.00128111 5.57081e-07 0.000168449 0.0192763 0.107767 2.29245 0.914633 2.26335e-06 0 6.62653e-09 5.68872e-06 1.57504 1.15633e-05
42.35 0.00213222 0.00128111 5.57081e-07 0.000168449 0.0192763 0.116029 1.93831 0.914633 2.76001e-06 0 7.89433e-09 6.95978e-06 1.64841 1.40886e-05
42.7 0.00261959 0.00128111 5.57081e-07 0.000168449 0.0192763 0.123322 1.63888 0.914632 3.38923e-06 0 9.53218e-09 8.56224e-06 1.71813 1.72839e-05
43.05 0.00324934 0.00128111 5.57081e-07 0.000168449 0.0192763 0.129412 1.38529 0.914632 4.19967e-06 0 1.16912e-08 1.06139e-05 1.78465 2.138e-05
43.4 0.00407837 0.00128111 5.57081e-07 0.000168449 0.0192763 0.13396 1.17056 0.914631 5.26608e-06 0 1.46123e-08 1.32927e-05 1.8483 2.67568e-05
43.75 0.00520186 0.00128111 5.57081e-07 0.000168449 0.0192763 0.136487 0.988764 0.914631 6.70814e-06 0 1.86943e-08 1.68772e-05 1.90935 3.39943e-05
44.1 0.00678167 0.00128111 5.57081e-07 0.000168449 0.0192763 0.136298 0.834808 0.91463 8.7344e-06 0 2.46506e-08 2.18399e-05 1.968 4.40981e-05
44.45 0.00913437 0.00128111 5.57081e-07 0.000168449 0.0192763 0.132276 0.704504 0.914628 1.1731e-05 0 3.38365e-08 2.90156e-05 2.0244 5.89281e-05
44.8 0.0129451 0.00128111 5.57081e-07 0.000168449 0.0192763 0.122723 0.593798 0.914626 1.65596e-05 0 4.92488e-08 4.01683e-05 2.07868 8.24472e-05
45.15 0.0200548 0.00128111 5.57081e-07 0.000168449 0.0192763 0.104363 0.499639 0.914621 2.54732e-05 0 7.84491e-08 5.93851e-05 2.13085 0.000124873
45.5 0.0378622 0.00128111 5.57081e-07 0.000168449 0.0192763 0.070877 0.419046 0.91461 4.72366e-05 0 1.45782e-07 9.8649e-05 2.1807 0.000223126
45.85 0.154623 0.00128111 5.57081e-07 0.000168449 0.0192763 0.0209052 0.348701 0.914543 0.000178373 0 3.60375e-07 0.000207599 2.22739 0.000710948
46.2 140.298 0.00128111 5.57081e-07 0.000168449 0.0192763 0.00447265 1.13404 0.400996 111.914 0 0.00373834 0.0941479 0.0490707 0.998305
46.55 141.331 0.00128111 5.57081e-07 0.000168449 0.0192763 0.00592179 1.43046 0.450193 112.933 0 0.00420081 0.09854 0.046513 0.99832
46.9 141.956 0.00128111 5.57081e-07 0.000168449 0.0192763 0.00729386 1.68825 0.488382 111.795 0 0.00453066 0.101639 0.0451472 0.998303
47.25 142.413 0.00128111 5.57081e-07 0.000168449 0.0192763 0.0085131 1.92081 0.516537 109.801 0 0.00479881 0.104001 0.0441435 0.998273
47.6 142.751 0.00128111 5.57081e-07 0.000168449 0.0192763 0.0096186 2.13524 0.538617 107.527 0 0.00502587 0.1059 0.0433586 0.998236
47.95 143.048 0.00128111 5.57081e-07 0.000168449 0.0192763 0.0106348 2.33583 0.556652 105.186 0 0.00522337 0.107484 0.0427188 0.998197
48.3 143.289 0.00128111 5.57081e-07 0.000168449 0.0192763 0.0115782 2.5253 0.571808 102.864 0 0.00539842 0.108836 0.0421824 0.998156
48.65 143.499 0.00128111 5.57081e-07 0.000168449 0.0192763 0.0124613 2.70573 0.584832 100.599 0 0.00555594 0.110015 0.0417223 0.998115
49 143.68 0.00128111 5.57081e-07 0.000168449 0.0192763 0.0132927 2.8785 0.596209 98.4062 0 0.00569922 0.111057 0.0413211 0.998073
49.35 143.841 0.00128111 5.57081e-07 0.000168449 0.0192763 0.0140794 3.04469 0.60628 96.2907 0 0.00583071 0.11199 0.0409664 0.998031
49.7 143.983 0.00128111 5.57081e-07 0.000168449 0.0192763 0.0148269 3.20515 0.615293 94.2523 0 0.00595229 0.112832 0.0406494 0.997988
50.05 144.112 0.00128111 5.57081e-07 0.000168449 0.0192763 0.0155396 3.36056 0.623433 92.2887 0 0.00606538 0.113598 0.0403634 0.997945
50.4 144.228 0.00128111 5.57081e-07 0.000168449 0.0192763 0.0162213 3.51146 0.630841 90.3961 0 0.00617113 0.114301 0.0401035 0.997903
50.75 144.333 0.00128111 5.57081e-07 0.000168449 0.0192763 0.0168749 3.65832 0.637629 88.5706 0 0.00627046 0.11495 0.0398655 0.997859
51.1 144.43 0.00128111 5.57081e-07 0.000168449 0.0192763 0.017503 3.80151 0.643883 86.8081 0 0.00636413 0.115551 0.0396465 0.997816
51.45 144.519 0.00128111 5.57081e-07 0.000168449 0.0192763 0.0181078 3.94135 0.649674 85.1049 0 0.00645273 0.11611 0.0394439 0.997772
51.8 144.602 0.00128111 5.57081e-07 0.000168449 0.0192763 0.0186914 4.07815 0.655062 83.4567 0 0.00653683 0.116633 0.0392556 0.997729
52.15 144.679 0.00128111 5.57081e-07 0.000168449 0.0192763 0.0192553 4.21213 0.660093 81.8604 0 0.00661685 0.117123 0.0390799 0.997684
52.5 144.75 0.00128111 5.57081e-07 0.000168449 0.0192763 0.019801 4.3435 0.664808 80.3126 0 0.00669317 0.117585 0.0389153 0.99764
52.85 144.817 0.00128111 5.57081e-07 0.000168449 0.0192763 0.0203299 4.47245 0.669241 78.8104 0 0.00676613 0.118021 0.0387607 0.997595
53.2 144.879 0.00128111 5.57081e-07 0.000168449 0.0192763 0.0208429 4.59914 0.67342 77.351 0 0.006836 0.118433 0.0386151 0.99755
53.55 144.938 0.00128111 5.57081e-07 0.000168449 0.0192763 0.0213413 4.72372 0.677371 75.9319 0 0.00690305 0.118824 0.0384775 0.997504
53.9 144.993 0.00128111 5.57081e-07 0.000168449 0.0192763 0.0218258 4.84632 0.681114 74.5508 0 0.00696748 0.119195 0.0383473 0.997458
54.25 145.045 0.00128111 5.57081e-07 0.000168449 0.0192763 0.0222973 4.96705 0.684669 73.2055 0 0.00702949 0.119549 0.0382237 0.997411
54.6 145.094 0.00128111 5.57081e-07 0.000168449 0.0192763 0.0227566 5.08602 0.688052 71.894 0 0.00708926 0.119886 0.0381061 0.997364
54.95 145.14 0.00128111 5.57081e-07 0.000168449 0.0192763 0.0232044 5.20333 0.691278 70.6146 0 0.00714694 0.120209 0.0379941 0.997317
55.3 145.184 0.00128111 5.57081e-07 0.000168449 0.0192763 0.0236412 5.31906 0.694358 69.3655 0 0.00720266 0.120517 0.0378873 0.997268
55.65 145.226 0.00128111 5.57081e-07 0.000168449 0.0192763 0.0240676 5.43329 0.697304 68.1453 0 0.00725656 0.120813 0.0377851 0.99722
56 145.265 0.00128111 5.57081e-07 0.000168449 0.0192763 0.0244842 5.5461 0.700126 66.9524 0 0.00730875 0.121097 0.0376874 0.99717
56.35 145.303 0.00128111 5.57081e-07 0.000168449 0.0192763 0.0248915 5.65755 0.702834 65.7856 0 0.00735932 0.121369 0.0375936 0.99712
56.7 145.338 0.00128111 5.57081e-07 0.000168449 0.0192763 0.0252898 5.76771 0.705435 64.6436 0 0.00740838 0.121631 0.0375037 0.997069
57.05 145.372 0.00128111 5.57081e-07 0.000168449 0.0192763 0.0256797 5.87663 0.707937 63.5252 0 0.00745601 0.121884 0.0374172 0.997018
57.4 145.404 0.00128111 5.57081e-07 0.000168449 0.0192763 0.0260614 5.98437 0.710345 62.4295 0 0.00750228 0.122127 0.037334 0.996966
57.75 145.435 0.00128111 5.57081e-07 0.000168449 0.0192763 0.0264353 6.09097 0.712667 61.3553 0 0.00754727 0.122362 0.0372539 0.996913
58.1 145.464 0.00128111 5.57081e-07 0.000168449 0.0192763 0.0268018 6.19648 0.714908 60.3017 0 0.00759104 0.122589 0.0371767 0.996859
58.45 145.492 0.00128111 5.57081e-07 0.000168449 0.0192763 0.0271612 6.30095 0.717072 59.2679 0 0.00763366 0.122808 0.0371021 0.996804
58.8 145.519 0.00128111 5.57081e-07 0.000168449 0.0192763 0.0275138 6.40441 0.719165 58.2531 0 0.00767517 0.12302 0.0370301 0.996749
59.15 145.544 0.00128111 5.57081e-07 0.000168449 0.0192763 0.0278597 6.5069 0.721189 57.2564 0 0.00771564 0.123225 0.0369606 0.996693
59.5 145.568 0.00128111 5.57081e-07 0.000168449 0.0192763 0.0281994 6.60846 0.72315 56.2772 0 0.0077551 0.123424 0.0368932 0.996635
59.85 145.591 0.00128111 5.57081e-07 0.000168449 0.0192763 0.0285329 6.70911 0.72505 55.3147 0 0.00779361 0.123617 0.0368281 0.996577
60.2 145.613 0.00128111 5.57081e-07 0.000168449 0.0192763 0.0288606 6.8089 0.726894 54.3684 0 0.00783121 0.123804 0.0367649 0.996518
60.55 145.633 0.00128111 5.57081e-07 0.000168449 0.0192763 0.0291827 6.90784 0.728683 53.4376 0 0.00786793 0.123986 0.0367037 0.996457
60.9 145.653 0.00128111 5.57081e-07 0.000168449 0.0192763 0.0294993 7.00598 0.730421 52.5217 0 0.00790381 0.124162 0.0366444 0.996396
61.25 145.672 0.00128111 5.57081e-07 0.000168449 0.0192763 0.0298106 7.10332 0.73211 51.6202 0 0.00793889 0.124333 0.0365867 0.996333
61.6 145.689 0.00128111 5.57081e-07 0.000168449 0.0192763 0.0301168 7.1999 0.733753 50.7327 0 0.00797319 0.124499 0.0365308 0.996269
61.95 145.706 0.00128111 5.57081e-07 0.000168449 0.0192763 0.0304181 7.29575 0.735352 49.8585 0 0.00800675 0.124661 0.0364764 0.996204
62.3 145.722 0.00128111 5.57081e-07 0.000168449 0.0192763 0.0307146 7.39087 0.736909 48.9972 0 0.0080396 0.124819 0.0364235 0.996137
62.65 145.737 0.00128111 5.57081e-07 0.000168449 0.0192763 0.0310066 7.4853 0.738426 48.1485 0 0.00807175 0.124972 0.0363721 0.996069
63 145.751 0.00128111 5.57081e-07 0.000168449 0.0192763 0.031294 7.57905 0.739905 47.3118 0 0.00810323 0.125122 0.036322 0.996
63.35 145.765 0.00128111 5.57081e-07 0.000168449 0.0192763 0.0315771 7.67215 0.741347 46.4868 0 0.00813408 0.125267 0.0362733 0.99593
63.7 145.778 0.00128111 5.57081e-07 0.000168449 0.0192763 0.031856 7.76461 0.742755 45.6731 0 0.0081643 0.125409 0.0362259 0.995857
64.05 145.79 0.00128111 5.57081e-07 0.000168449 0.0192763 0.0321308 7.85644 0.744129 44.8703 0 0.00819393 0.125547 0.0361797 0.995783
64.4 145.801 0.00128111 5.57081e-07 0.000168449 0.0192763 0.0324016 7.94767 0.745472 44.0781 0 0.00822297 0.125682 0.0361346 0.995708
64.75 145.811 0.00128111 5.57081e-07 0.000168449 0.0192763 0.0326686 8.03831 0.746784 43.2962 0 0.00825145 0.125813 0.0360907 0.995631
65.1 145.821 0.00128111 5.57081e-07 0.000168449 0.0192763 0.0329319 8.12838 0.748067 42.5242 0 0.00827938 0.125942 0.0360479 0.995552
65.45 145.83 0.00128111 5.57081e-07 0.000168449 0.0192763 0.0331914 8.21789 0.749321 41.7618 0 0.00830679 0.126067 0.0360061 0.995471
65.8 145.838 0.00128111 5.57081e-07 0.000168449 0.0192763 0.0334475 8.30685 0.750549 41.0088 0 0.00833367 0.126189 0.0359654 0.995388
66.15 145.846 0.00128111 5.57081e-07 0.000168449 0.0192763 0.0337 8.39528 0.751751 40.2648 0 0.00836006 0.126309 0.0359256 0.995303
66.5 145.852 0.00128111 5.57081e-07 0.000168449 0.0192763 0.0339492 8.48318 0.752928 39.5296 0 0.00838597 0.126425 0.0358867 0.995217
66.85 145.858 0.00128111 5.57081e-07 0.000168449 0.0192763 0.0341951 8.57058 0.754081 38.803 0 0.0084114 0.126539 0.0358488 0.995127
67.2 145.864 0.00128111 5.57081e-07 0.000168449 0.0192763 0.0344378 8.65749 0.755211 38.0846 0 0.00843636 0.12665 0.0358118 0.995036
67.55 145.868 0.00128111 5.57081e-07 0.000168449 0.0192763 0.0346773 8.7439 0.75632 37.3743 0 0.00846088 0.126759 0.0357756 0.994942
67.9 145.872 0.00128111 5.57081e-07 0.000168449 0.0192763 0.0349138 8.82985 0.757407 36.6717 0 0.00848496 0.126865 0.0357403 0.994846
68.25 145.875 0.00128111 5.57081e-07 0.000168449 0.0192763 0.0351473 8.91532 0.758473 35.9768 0 0.00850861 0.126969 0.0357058 0.994747
68.6 145.878 0.00128111 5.57081e-07 0.000168449 0.0192763 0.0353779 9.00035 0.75952 35.2892 0 0.00853184 0.127071 0.0356721 0.994645
68.95 145.879 0.00128111 5.57081e-07 0.000168449 0.0192763 0.0356057 9.08493 0.760548 34.6087 0 0.00855465 0.12717 0.0356391 0.99454
69.3 145.88 0.00128111 5.57081e-07 0.000168449 0.0192763 0.0358306 9.16908 0.761557 33.9352 0 0.00857707 0.127267 0.035607 0.994432
69.65 145.88 0.00128111 5.57081e-07 0.000168449 0.0192763 0.0360528 9.25279 0.762549 33.2685 0 0.00859909 0.127362 0.0355755 0.994321
70 145.879 0.00128111 5.57081e-07 0.000168449 0.0192763 0.0362723 9.3361 0.763525 32.6082 0 0.00862072 0.127454 0.0355448 0.994207
70.35 145.878 0.00128111 5.57081e-07 0.000168449 0.0192763 0.0364893 9.41899 0.764483 31.9544 0 0.00864196 0.127545 0.0355148 0.994089
70.7 145.876 0.00128111 5.57081e-07 0.000168449 0.0192763 0.0367036 9.50148 0.765426 31.3066 0 0.00866284 0.127633 0.0354854 0.993968
71.05 145.873 0.00128111 5.57081e-07 0.000168449 0.0192763 0.0369154 9.58358 0.766354 30.6649 0 0.00868334 0.12772 0.0354568 0.993842
71.4 145.869 0.00128111 5.57081e-07 0.000168449 0.0192763 0.0371247 9.6653 0.767267 30.029 0 0.00870348 0.127804 0.0354288 0.993713
71.75 145.864 0.00128111 5.57081e-07 0.000168449 0.0192763 0.0373317 9.74663 0.768167 29.3987 0 0.00872325 0.127886 0.0354015 0.993579
72.1 145.858 0.00128111 5.57081e-07 0.000168449 0.0192763 0.0375362 9.8276 0.769052 28.7738 0 0.00874267 0.127967 0.0353748 0.99344
72.45 145.851 0.00128111 5.57081e-07 0.000168449 0.0192763 0.0377384 9.9082 0.769925 28.1542 0 0.00876174 0.128046 0.0353488 0.993297
72.8 145.844 0.00128111 5.57081e-07 0.000168449 0.0192763 0.0379382 9.98844 0.770785 27.5397 0 0.00878045 0.128122 0.0353234 0.993148
73.15 145.835 0.00128111 5.57081e-07 0.000168449 0.0192763 0.0381358 10.0683 0.771633 26.9302 0 0.00879882 0.128197 0.0352987 0.992994
73.5 145.825 0.00128111 5.57081e-07 0.000168449 0.0192763 0.0383312 10.1479 0.77247 26.3254 0 0.00881684 0.12827 0.0352746 0.992835
73.85 145.814 0.00128111 5.57081e-07 0.000168449 0.0192763 0.0385244 10.2271 0.773295 25.7252 0 0.00883451 0.128341 0.0352511 0.992669
74.2 145.802 0.00128111 5.57081e-07 0.000168449 0.0192763 0.0387154 10.306 0.77411 25.1294 0 0.00885183 0.12841 0.0352282 0.992496
74.55 145.789 0.00128111 5.57081e-07 0.000168449 0.0192763 0.0389042 10.3845 0.774915 24.5379 0 0.00886881 0.128478 0.035206 0.992317
74.9 145.775 0.00128111 5.57081e-07 0.000168449 0.0192763 0.0390909 10.4627 0.77571 23.9504 0 0.00888544 0.128543 0.0351843 0.99213
75.25 145.759 0.00128111 5.57081e-07 0.000168449 0.0192763 0.0392756 10.5406 0.776496 23.3668 0 0.00890172 0.128607 0.0351634 0.991935
75.6 145.743 0.00128111 5.57081e-07 0.000168449 0.0192763 0.0394581 10.6182 0.777273 22.7869 0 0.00891764 0.128668 0.035143 0.991731
75.95 145.724 0.00128111 5.57081e-07 0.000168449 0.0192763 0.0396386 10.6955 0.778042 22.2105 0 0.0089332 0.128728 0.0351234 0.991518
76.3 145.704 0.00128111 5.57081e-07 0.000168449 0.0192763 0.039817 10.7725 0.778802 21.6374 0 0.0089484 0.128786 0.0351043 0.991296
76.65 145.682 0.00128111 5.57081e-07 0.000168449 0.0192763 0.0399935 10.8492 0.779556 21.0675 0 0.00896323 0.128842 0.035086 0.991062
77 145.658 0.00128111 5.57081e-07 0.000168449 0.0192763 0.0401678 10.9256 0.780303 20.5003 0 0.00897768 0.128895 0.0350683 0.990817
77.35 145.632 0.00128111 5.57081e-07 0.000168449 0.0192763 0.0403402 11.0018 0.781044 19.9359 0 0.00899174 0.128947 0.0350514 0.99056
77.7 145.604 0.00128111 5.57081e-07 0.000168449 0.0192763 0.0405106 11.0776 0.781778 19.3738 0 0.00900539 0.128996 0.0350352 0.990289
78.05 145.574 0.00128111 5.57081e-07 0.000168449 0.0192763 0.0406789 11.1532 0.782508 18.8138 0 0.00901864 0.129044 0.0350198 0.990002
78.4 145.541 0.00128111 5.57081e-07 0.000168449 0.0192763 0.0408452 11.2285 0.783234 18.2557 0 0.00903144 0.129088 0.0350051 0.9897
78.75 145.506 0.00128111 5.57081e-07 0.000168449 0.0192763 0.0410094 11.3035 0.783955 17.6991 0 0.0090438 0.129131 0.0349913 0.98938
79.1 145.467 0.00128111 5.57081e-07 0.000168449 0.0192763 0.0411716 11.3783 0.784673 17.1437 0 0.00905568 0.12917 0.0349784 0.989039
79.45 145.425 0.00128111 5.57081e-07 0.000168449 0.0192763 0.0413317 11.4528 0.78539 16.589 0 0.00906705 0.129207 0.0349665 0.988677
79.8 145.38 0.00128111 5.57081e-07 0.000168449 0.0192763 0.0414896 11.527 0.786105 16.0346 0 0.00907789 0.129241 0.0349555 0.98829
80.15 145.33 0.00128111 5.57081e-07 0.000168449 0.0192763 0.0416453 11.601 0.786819 15.48 0 0.00908814 0.129272 0.0349457 0.987876
80.5 145.275 0.00128111 5.57081e-07 0.000168449 0.0192763 0.0417988 11.6748 0.787535 14.9245 0 0.00909777 0.129299 0.034937 0.98743
80.85 145.216 0.00128111 5.57081e-07 0.000168449 0.0192763 0.0419499 11.7483 0.788253 14.3676 0 0.00910671 0.129322 0.0349297 0.986949
81.2 145.15 0.00128111 5.57081e-07 0.000168449 0.0192763 0.0420985 11.8215 0.788975 13.8083 0 0.00911489 0.129341 0.0349238 0.986428
81.55 145.077 0.00128111 5.57081e-07 0.000168449 0.0192763 0.0422444 11.8946 0.789703 13.2456 0 0.00912222 0.129356 0.0349196 0.98586
81.9 144.997 0.00128111 5.57081e-07 0.000168449 0.0192763 0.0423876 11.9674 0.790439 12.6783 0 0.00912858 0.129364 0.0349173 0.985236
82.25 144.906 0.00128111 5.57081e-07 0.000168449 0.0192763 0.0425277 12.04 0.791188 12.1045 0 0.00913382 0.129366 0.0349172 0.984548
82.6 144.803 0.00128111 5.57081e-07 0.000168449 0.0192763 0.0426644 12.1123 0.791952 11.5225 0 0.00913775 0.129361 0.0349197 0.98378
82.95 144.686 0.00128111 5.57081e-07 0.000168449 0.0192763 0.0427971 12.1844 0.792737 10.929 0 0.00914009 0.129346 0.0349253 0.982915
83.3 144.551 0.00128111 5.57081e-07 0.000168449 0.0192763 0.0429253 12.2564 0.793552 10.3202 0 0.00914045 0.12932 0.0349349 0.981925
83.65 144.377 0.00128111 5.57081e-07 0.000168449 0.0192763 0.0430474 12.3281 0.794414 9.68749 0 0.00913801 0.129277 0.0349501 0.980768
84 0.000283289 0.00128111 5.57081e-07 0.000168449 0.0192763 2.71904e-06 12.3853 0.914634 2.19569e-06 0 2.69005e-07 1.23229e-05 0.0767638 0.834972
84.35 0.000336253 0.00128111 5.57081e-07 0.000168449 0.0192763 0.00901233 10.4879 0.914634 4.38759e-07 0 2.33919e-09 6.9619e-07 0.506615 0.00133
84.7 0.000400268 0.00128111 5.57081e-07 0.000168449 0.0192763 0.0212273 8.87279 0.914634 5.20969e-07 0 2.55169e-09 1.06519e-06 0.712578 4.77176e-06
85.05 0.000477968 0.00128111 5.57081e-07 0.000168449 0.0192763 0.0331489 7.50774 0.914634 6.19976e-07 0 2.71645e-09 1.3795e-06 0.870121 3.18138e-06
85.4 0.000569872 0.00128111 5.57081e-07 0.000168449 0.0192763 0.0448052 6.35125 0.914634 7.38952e-07 0 2.949e-09 1.71702e-06 1.00261 3.78587e-06
85.75 0.000680418 0.00128111 5.57081e-07 0.000168449 0.0192763 0.0561743 5.37387 0.914634 8.82001e-07 0 3.2593e-09 2.10445e-06 1.11871 4.51809e-06
86.1 0.000814209 0.00128111 5.57081e-07 0.000168449 0.0192763 0.0672257 4.54571 0.914634 1.05506e-06 0 3.65689e-09 2.56268e-06 1.22328 5.40221e-06
86.45 0.000976672 0.00128111 5.57081e-07 0.000168449 0.0192763 0.0779067 3.84495 0.914633 1.2651e-06 0 4.15581e-09 3.11206e-06 1.31897 6.47518e-06
86.8 0.00117472 0.00128111 5.57081e-07 0.000168449 0.0192763 0.0881487 3.25273 0.914633 1.52099e-06 0 4.77716e-09 3.77646e-06 1.40754 7.78135e-06
87.15 0.00141837 0.00128111 5.57081e-07 0.000168449 0.0192763 0.0978755 2.75089 0.914633 1.83563e-06 0 5.55396e-09 4.58902e-06 1.49035 9.3855e-06
87.5 0.00172024 0.00128111 5.57081e-07 0.000168449 0.0192763 0.106976 2.32625 0.914633 2.2251e-06 0 6.53044e-09 5.59045e-06 1.56826 1.13688e-05
87.85 0.00209769 0.00128111 5.57081e-07 0.000168449 0.0192763 0.115313 1.96691 0.914633 2.71209e-06 0 7.77172e-09 6.83727e-06 1.64197 1.38446e-05
88.2 0.00257563 0.00128111 5.57081e-07 0.000168449 0.0192763 0.122702 1.663 0.914632 3.32811e-06 0 9.37227e-09 8.40683e-06 1.71201 1.69731e-05
88.55 0.00319197 0.00128111 5.57081e-07 0.000168449 0.0192763 0.128907 1.40578 0.914632 4.12005e-06 0 1.14775e-08 1.04127e-05 1.7788 2.09777e-05
88.9 0.00400203 0.00128111 5.57081e-07 0.000168449 0.0192763 0.133606 1.1879 0.914631 5.16024e-06 0 1.43194e-08 1.30276e-05 1.8427 2.6224e-05
89.25 0.00509673 0.00128111 5.57081e-07 0.000168449 0.0192763 0.136334 1.00345 0.914631 6.56285e-06 0 1.82778e-08 1.65178e-05 1.90397 3.32674e-05
89.6 0.00663428 0.00128111 5.57081e-07 0.000168449 0.0192763 0.136418 0.847249 0.91463 8.52701e-06 0 2.40316e-08 2.13355e-05 1.96283 4.30619e-05
89.95 0.00874071 0.00128111 5.57081e-07 0.000168449 0.0192763 0.132785 0.71505 0.914628 1.1414e-05 0 3.28491e-08 2.82649e-05 2.01942 5.73745e-05
90.3 0.0122786 0.00128111 5.57081e-07 0.000168449 0.0192763 0.123819 0.602755 0.914626 1.60258e-05 0 4.7521e-08 3.89598e-05 2.07389 7.98658e-05
90.65 0.0187182 0.00128111 5.57081e-07 0.000168449 0.0192763 0.10642 0.507272 0.914622 2.44106e-05 0 7.49668e-08 5.71874e-05 2.12625 0.000119875
91 0.0338767 0.00128111 5.57081e-07 0.000168449 0.0192763 0.0746206 0.425616 0.914612 4.41072e-05 0 1.3677e-07 9.36521e-05 2.17632 0.000209676
91.35 0.125019 0.00128111 5.57081e-07 0.000168449 0.0192763 0.0242937 0.354551 0.914559 0.000145621 0 3.18951e-07 0.000186499 2.22338 0.000602313
91.7 142.805 0.00128111 5.57081e-07 0.000168449 0.0192763 0.00572977 1.10288 0.549142 106.298 0 0.00263593 0.115763 0.0896606 0.998214
92.05 141.26 0.00128111 5.57081e-07 0.000168449 0.0192763 0.00579365 1.40654 0.446175 112.949 0 0.00416817 0.0982208 0.046657 0.998321
92.4 141.906 0.00128111 5.57081e-07 0.000168449 0.0192763 0.00718162 1.66702 0.485548 111.941 0 0.00450489 0.101405 0.0452485 0.998306
92.75 142.376 0.00128111 5.57081e-07 0.000168449 0.0192763 0.00841229 1.90143 0.514374 109.99 0 0.00477739 0.103817 0.0442205 0.998276
93.1 142.74 0.00128111 5.57081e-07 0.000168449 0.0192763 0.00952653 2.11724 0.536883 107.729 0 0.00500747 0.10575 0.0434201 0.998239
93.45 143.033 0.00128111 5.57081e-07 0.000168449 0.0192763 0.0105496 2.31888 0.555211 105.389 0 0.00520718 0.107356 0.0427699 0.9982
93.8 143.282 0.00128111 5.57081e-07 0.000168449 0.0192763 0.0114989 2.50924 0.570586 103.064 0 0.00538399 0.108727 0.0422257 0.99816
94.15 143.492 0.00128111 5.57081e-07 0.000168449 0.0192763 0.0123868 2.6904 0.583773 100.793 0 0.00554288 0.109919 0.0417597 0.998119
94.5 143.675 0.00128111 5.57081e-07 0.000168449 0.0192763 0.0132224 2.86379 0.595278 98.5934 0 0.00568728 0.110972 0.0413539 0.998077
94.85 143.827 0.00128111 5.57081e-07 0.000168449 0.0192763 0.0140128 3.03051 0.605451 96.4711 0 0.00581972 0.111913 0.0409955 0.998034
95.2 143.971 0.00128111 5.57081e-07 0.000168449 0.0192763 0.0147635 3.19144 0.614548 94.4261 0 0.0059421 0.112762 0.0406756 0.997992
95.55 144.1 0.00128111 5.57081e-07 0.000168449 0.0192763 0.0154791 3.34726 0.622757 92.4561 0 0.00605588 0.113535 0.0403871 0.997949
95.9 144.217 0.00128111 5.57081e-07 0.000168449 0.0192763 0.0161633 3.49853 0.630225 90.5576 0 0.00616223 0.114243 0.0401251 0.997906
96.25 144.324 0.00128111 5.57081e-07 0.000168449 0.0192763 0.0168192 3.64573 0.637062 88.7264 0 0.00626208 0.114895 0.0398854 0.997863
96.6 144.421 0.00128111 5.57081e-07 0.000168449 0.0192763 0.0174495 3.78922 0.64336 86.9586 0 0.00635621 0.1155 0.0396648 0.99782
96.95 144.512 0.00128111 5.57081e-07 0.000168449 0.0192763 0.0180562 3.92934 0.649189 85.2504 0 0.00644523 0.116063 0.0394609 0.997776
97.3 144.595 0.00128111 5.57081e-07 0.000168449 0.0192763 0.0186416 4.06639 0.654609 83.5976 0 0.0065297 0.116589 0.0392714 0.997732
97.65 144.672 0.00128111 5.57081e-07 0.000168449 0.0192763 0.0192071 4.20061 0.65967 81.9969 0 0.00661005 0.117082 0.0390946 0.997688
98 144.744 0.00128111 5.57081e-07 0.000168449 0.0192763 0.0197544 4.3322 0.664411 80.445 0 0.00668669 0.117546 0.0389292 0.997644
98.35 144.811 0.00128111 5.57081e-07 0.000168449 0.0192763 0.0202846 4.46135 0.668867 78.939 0 0.00675992 0.117984 0.0387738 0.997599
98.7 144.874 0.00128111 5.57081e-07 0.000168449 0.0192763 0.020799 4.58824 0.673067 77.476 0 0.00683006 0.118398 0.0386274 0.997554
99.05 144.933 0.00128111 5.57081e-07 0.000168449 0.0192763 0.0212986 4.71299 0.677036 76.0535 0 0.00689734 0.118791 0.0384892 0.997508
99.4 144.988 0.00128111 5.57081e-07 0.000168449 0.0192763 0.0217843 4.83576 0.680797 74.6691 0 0.00696198 0.119164 0.0383583 0.997462
99.75 145.04 0.00128111 5.57081e-07 0.000168449 0.0192763 0.0222569 4.95664 0.684368 73.3208 0 0.0070242 0.119519 0.0382341 0.997415

