Time(min) prod sp3 fsc2 qsc2 fsq1 fum Bypass qh psi fc1 ROS_c2 ROS_c3 fc2 [Ca²⁺]μM Glu_m OAAm psio Na_i OAAc Glu_o Glu_i ATP
0.02 119.848 0.00154919 4.50807e-05 0.583862 0.105205 0.3 0 0.000649413 99.6391 0.0100843 5.02854e-06 5.89438e-07 100.348 0 7.7222e-05 4.64916 86.3541 0.00147759 1.67483e-06 0.00132296 0.0404179 1.00372
0.04 120.095 0.00155068 4.55196e-05 0.58386 0.105773 0.3 0 0.000650633 99.6692 0.0203224 8.53927e-06 1.05067e-06 101.614 0 7.70233e-05 4.60439 86.3807 0.0014577 1.67483e-06 0.00258437 0.0397907 1.00372
0.06 119.967 0.00155826 4.63288e-05 0.583858 0.105897 0.3 0 0.000650436 99.8277 0.03059 1.21028e-05 1.51477e-06 103.117 0 7.29281e-05 4.52394 86.4014 0.00131482 1.67483e-06 0.00938843 0.036873 1.00373
0.08 118.504 0.00157446 4.67179e-05 0.583856 0.105953 0.3 0 0.000642299 100.168 0.0408646 1.57179e-05 1.9843e-06 103.995 0 5.35217e-05 4.48625 86.4087 0.000932293 1.67483e-06 0.0424335 0.0267311 1.00375
0.1 118.441 0.00157581 4.67828e-05 0.583854 0.105991 0.3 0 0.000641808 100.197 0.0511442 1.93458e-05 2.45609e-06 104.132 0 5.1511e-05 4.48003 86.4091 0.000906081 1.67483e-06 0.0564183 0.0256276 1.00375
0.12 118.497 0.00157611 4.68521e-05 0.583852 0.106 0.3 0 0.000642027 100.203 0.0614258 2.29788e-05 2.92821e-06 104.353 0 5.14655e-05 4.4734 86.4092 0.000904126 1.67483e-06 0.058905 0.0255061 1.00375
0.14 118.523 0.00157636 4.69248e-05 0.58385 0.106 0.3 0 0.000642305 100.208 0.0717079 2.66174e-05 3.40062e-06 104.444 0 5.15351e-05 4.46647 86.4092 0.000903952 1.67483e-06 0.0591969 0.0254407 1.00375
0.16 118.568 0.0015766 4.69924e-05 0.583848 0.105996 0.3 0 0.000642567 100.213 0.0819895 3.02641e-05 3.87344e-06 104.598 0 5.16056e-05 4.46005 86.4092 0.000903907 1.67483e-06 0.0592448 0.0253791 1.00375
0.18 118.612 0.00157681 4.70554e-05 0.583846 0.105993 0.3 0 0.000642813 100.217 0.0922708 3.39158e-05 4.34653e-06 104.753 0 5.16737e-05 4.45408 86.4092 0.000903894 1.67483e-06 0.0592621 0.0253192 1.00375
0.2 118.65 0.00157701 4.71139e-05 0.583845 0.105989 0.3 0 0.00064304 100.221 0.102552 3.75719e-05 4.81984e-06 104.885 0 5.17375e-05 4.44855 86.4092 0.000903889 1.67483e-06 0.0592684 0.02526 1.00375
0.22 118.686 0.0015772 4.7168e-05 0.583843 0.105986 0.3 0 0.000643252 100.225 0.112832 4.12323e-05 5.29337e-06 105.008 0 5.17968e-05 4.44344 86.4092 0.000903888 1.67483e-06 0.0592708 0.0252013 1.00375
0.24 118.717 0.00157738 4.72194e-05 0.583841 0.105983 0.3 0 0.000643452 100.228 0.123113 4.48953e-05 5.76704e-06 105.114 0 5.18531e-05 4.4386 86.4092 0.000903887 1.67483e-06 0.0592718 0.025143 1.00375
0.26 118.748 0.00157754 4.72673e-05 0.583839 0.10598 0.3 0 0.000643639 100.232 0.133393 4.85617e-05 6.24089e-06 105.223 0 5.19055e-05 4.43411 86.4092 0.000903887 1.67483e-06 0.0592721 0.0250851 1.00375
0.28 118.776 0.0015777 4.73116e-05 0.583837 0.105977 0.3 0 0.000643811 100.235 0.143673 5.22314e-05 6.71491e-06 105.32 0 5.19541e-05 4.42995 86.4092 0.000903887 1.67483e-06 0.0592721 0.0250276 1.00375
0.3 118.803 0.00157784 4.73526e-05 0.583835 0.105975 0.3 0 0.000643971 100.238 0.153953 5.59043e-05 7.18909e-06 105.412 0 5.1999e-05 4.42612 86.4092 0.000903887 1.67483e-06 0.0592721 0.0249705 1.00375
0.32 118.827 0.00157797 4.73903e-05 0.583833 0.105972 0.3 0 0.000644118 100.24 0.164232 5.95803e-05 7.66344e-06 105.496 0 5.20403e-05 4.4226 86.4092 0.000903887 1.67483e-06 0.0592721 0.0249138 1.00375
0.34 118.849 0.00157809 4.74249e-05 0.583832 0.10597 0.3 0 0.000644253 100.243 0.174511 6.32592e-05 8.13793e-06 105.573 0 5.20782e-05 4.41937 86.4092 0.000903887 1.67483e-06 0.0592721 0.0248574 1.00375
0.36 118.87 0.0015782 4.74567e-05 0.58383 0.105968 0.3 0 0.000644377 100.245 0.18479 6.69406e-05 8.61255e-06 105.644 0 5.21131e-05 4.41641 86.4092 0.000903887 1.67483e-06 0.0592721 0.0248015 1.00375
0.38 118.888 0.0015783 4.7486e-05 0.583828 0.105966 0.3 0 0.000644492 100.247 0.195069 7.06244e-05 9.0873e-06 105.709 0 5.21451e-05 4.41368 86.4092 0.000903887 1.67483e-06 0.0592721 0.0247459 1.00375
0.4 118.906 0.00157839 4.75129e-05 0.583826 0.105965 0.3 0 0.000644597 100.249 0.205348 7.43104e-05 9.56216e-06 105.768 0 5.21746e-05 4.41118 86.4092 0.000903887 1.67483e-06 0.0592721 0.0246907 1.00375
0.42 118.921 0.00157848 4.75377e-05 0.583824 0.105963 0.3 0 0.000644693 100.251 0.215626 7.79983e-05 1.00371e-05 105.823 0 5.22017e-05 4.40888 86.4092 0.000903887 1.67483e-06 0.0592721 0.0246359 1.00375
0.44 118.936 0.00157856 4.75605e-05 0.583822 0.105962 0.3 0 0.000644782 100.252 0.225905 8.16882e-05 1.05122e-05 105.873 0 5.22267e-05 4.40677 86.4092 0.000903887 1.67483e-06 0.0592721 0.0245814 1.00375
0.46 118.949 0.00157863 4.75815e-05 0.583821 0.10596 0.3 0 0.000644864 100.254 0.236183 8.53797e-05 1.09873e-05 105.919 0 5.22496e-05 4.40483 86.4092 0.000903887 1.67483e-06 0.0592721 0.0245273 1.00375
0.48 118.961 0.0015787 4.76007e-05 0.583819 0.105959 0.3 0 0.000644939 100.255 0.246461 8.90728e-05 1.14626e-05 105.961 0 5.22707e-05 4.40304 86.4092 0.000903887 1.67483e-06 0.0592721 0.0244735 1.00375
0.5 118.972 0.00157876 4.76184e-05 0.583817 0.105958 0.3 0 0.000645008 100.256 0.256739 9.27673e-05 1.19379e-05 106 0 5.229e-05 4.4014 86.4092 0.000903887 1.67483e-06 0.0592721 0.0244201 1.00375
0.52 118.983 0.00157881 4.76347e-05 0.583815 0.105957 0.3 0 0.000645072 100.257 0.267017 9.64631e-05 1.24133e-05 106.035 0 5.23078e-05 4.3999 86.4092 0.000903887 1.67483e-06 0.0592721 0.0243671 1.00375
0.54 118.992 0.00157886 4.76497e-05 0.583813 0.105956 0.3 0 0.00064513 100.258 0.277295 0.00010016 1.28887e-05 106.067 0 5.23242e-05 4.39852 86.4092 0.000903887 1.67483e-06 0.0592721 0.0243143 1.00375
0.56 119.001 0.00157891 4.76635e-05 0.583812 0.105955 0.3 0 0.000645184 100.259 0.287572 0.000103858 1.33642e-05 106.097 0 5.23392e-05 4.39725 86.4092 0.000903887 1.67483e-06 0.0592721 0.024262 1.00375
0.58 119.008 0.00157896 4.76761e-05 0.58381 0.105955 0.3 0 0.000645233 100.26 0.29785 0.000107557 1.38397e-05 106.124 0 5.2353e-05 4.39608 86.4092 0.000903887 1.67483e-06 0.0592721 0.0242099 1.00375
0.6 119.016 0.001579 4.76877e-05 0.583808 0.105954 0.3 0 0.000645279 100.261 0.308127 0.000111258 1.43153e-05 106.149 0 5.23657e-05 4.39501 86.4092 0.000903887 1.67483e-06 0.0592721 0.0241583 1.00375
0.62 119.022 0.00157903 4.76984e-05 0.583806 0.105953 0.3 0 0.00064532 100.262 0.318405 0.000114959 1.4791e-05 106.172 0 5.23773e-05 4.39403 86.4092 0.000903887 1.67483e-06 0.0592721 0.0241069 1.00375
0.64 119.028 0.00157907 4.77082e-05 0.583804 0.105953 0.3 0 0.000645358 100.263 0.328682 0.00011866 1.52667e-05 106.193 0 5.2388e-05 4.39312 86.4092 0.000903887 1.67483e-06 0.0592721 0.0240559 1.00375
0.66 119.034 0.0015791 4.77172e-05 0.583802 0.105952 0.3 0 0.000645394 100.263 0.33896 0.000122363 1.57424e-05 106.213 0 5.23978e-05 4.39229 86.4092 0.000903887 1.67483e-06 0.0592721 0.0240051 1.00375
0.68 119.039 0.00157913 4.77255e-05 0.583801 0.105951 0.3 0 0.000645426 100.264 0.349237 0.000126066 1.62181e-05 106.23 0 5.24068e-05 4.39153 86.4092 0.000903887 1.67483e-06 0.0592721 0.0239547 1.00375
0.7 119.044 0.00157915 4.77331e-05 0.583799 0.105951 0.3 0 0.000645456 100.264 0.359514 0.00012977 1.66939e-05 106.246 0 5.24151e-05 4.39083 86.4092 0.000903887 1.67483e-06 0.0592721 0.0239047 1.00375
0.72 119.048 0.00157918 4.77401e-05 0.583797 0.105951 0.3 0 0.000645483 100.265 0.369791 0.000133474 1.71697e-05 106.261 0 5.24227e-05 4.39019 86.4092 0.000903887 1.67483e-06 0.0592721 0.0238549 1.00375
0.74 119.052 0.0015792 4.77465e-05 0.583795 0.10595 0.3 0 0.000645508 100.265 0.380069 0.000137179 1.76456e-05 106.275 0 5.24296e-05 4.3896 86.4092 0.000903887 1.67483e-06 0.0592721 0.0238055 1.00375
0.76 119.055 0.00157922 4.77524e-05 0.583793 0.10595 0.3 0 0.000645531 100.266 0.390346 0.000140884 1.81215e-05 106.287 0 5.2436e-05 4.38905 86.4092 0.000903887 1.67483e-06 0.0592721 0.0237563 1.00375
0.78 119.055 0.00157924 4.77578e-05 0.583792 0.105949 0.3 0 0.000645552 100.266 0.400623 0.00014459 1.85973e-05 106.287 0 5.24419e-05 4.38856 86.4092 0.000903887 1.67483e-06 0.0592721 0.0237075 1.00375
0.8 119.059 0.00157926 4.77628e-05 0.58379 0.105949 0.3 0 0.000645572 100.266 0.4109 0.000148296 1.90733e-05 106.298 0 5.24473e-05 4.3881 86.4092 0.000903887 1.67483e-06 0.0592721 0.023659 1.00375
0.82 119.062 0.00157927 4.77674e-05 0.583788 0.105949 0.3 0 0.000645589 100.267 0.421177 0.000152003 1.95492e-05 106.309 0 5.24522e-05 4.38768 86.4092 0.000903887 1.67483e-06 0.0592721 0.0236107 1.00375
0.84 119.064 0.00157929 4.77716e-05 0.583786 0.105949 0.3 0 0.000645606 100.267 0.431454 0.00015571 2.00251e-05 106.318 0 5.24568e-05 4.38729 86.4092 0.000903887 1.67483e-06 0.0592721 0.0235628 1.00375
0.86 119.067 0.0015793 4.77754e-05 0.583784 0.105948 0.3 0 0.000645621 100.267 0.441731 0.000159417 2.05011e-05 106.327 0 5.24609e-05 4.38694 86.4092 0.000903887 1.67483e-06 0.0592721 0.0235151 1.00375
0.88 119.069 0.00157931 4.7779e-05 0.583782 0.105948 0.3 0 0.000645635 100.268 0.452008 0.000163125 2.09771e-05 106.335 0 5.24647e-05 4.38662 86.4092 0.000903887 1.67483e-06 0.0592721 0.0234678 1.00375
0.9 119.071 0.00157932 4.77822e-05 0.583781 0.105948 0.3 0 0.000645647 100.268 0.462285 0.000166832 2.14531e-05 106.343 0 5.24682e-05 4.38632 86.4092 0.000903887 1.67483e-06 0.0592721 0.0234207 1.00375
0.92 119.073 0.00157933 4.77852e-05 0.583779 0.105948 0.3 0 0.000645659 100.268 0.472562 0.000170541 2.19291e-05 106.349 0 5.24714e-05 4.38604 86.4092 0.000903887 1.67483e-06 0.0592721 0.0233739 1.00375
0.94 119.075 0.00157934 4.77879e-05 0.583777 0.105948 0.3 0 0.00064567 100.268 0.482839 0.000174249 2.24051e-05 106.355 0 5.24743e-05 4.38579 86.4092 0.000903887 1.67483e-06 0.0592721 0.0233274 1.00375
0.96 119.077 0.00157935 4.77904e-05 0.583775 0.105947 0.3 0 0.000645679 100.268 0.493116 0.000177957 2.28811e-05 106.361 0 5.2477e-05 4.38556 86.4092 0.000903886 1.67483e-06 0.0592721 0.0232812 1.00375
0.98 119.078 0.00157936 4.77927e-05 0.583773 0.105947 0.3 0 0.000645688 100.268 0.503393 0.000181666 2.33572e-05 106.366 0 5.24795e-05 4.38535 86.4092 0.000903886 1.67483e-06 0.0592721 0.0232353 1.00375
1 119.08 0.00157937 4.77948e-05 0.583772 0.105947 0.3 0 0.000645697 100.269 0.51367 0.000185375 2.38332e-05 106.371 0 5.24817e-05 4.38516 86.4092 0.000903886 1.67483e-06 0.0592721 0.0231896 1.00375
1.02 119.081 0.00157937 4.77968e-05 0.58377 0.105947 0.3 0 0.000645704 100.269 0.523946 0.000189084 2.43093e-05 106.375 0 5.24838e-05 4.38498 86.4092 0.000903886 1.67483e-06 0.0592721 0.0231442 1.00375
1.04 119.082 0.00157938 4.77986e-05 0.583768 0.105947 0.3 0 0.000645711 100.269 0.534223 0.000192793 2.47854e-05 106.379 0 5.24857e-05 4.38482 86.4092 0.000903886 1.67483e-06 0.0592721 0.0230991 1.00375
1.06 119.083 0.00157939 4.78002e-05 0.583766 0.105947 0.3 0 0.000645717 100.269 0.5445 0.000196502 2.52614e-05 106.383 0 5.24874e-05 4.38467 86.4092 0.000903886 1.67483e-06 0.0592721 0.0230542 1.00375
1.08 119.084 0.00157939 4.78017e-05 0.583764 0.105947 0.3 0 0.000645723 100.269 0.554777 0.000200211 2.57375e-05 106.386 0 5.2489e-05 4.38453 86.4092 0.000903886 1.67483e-06 0.0592721 0.0230096 1.00375
1.1 119.085 0.0015794 4.78031e-05 0.583762 0.105947 0.3 0 0.000645729 100.269 0.565054 0.000203921 2.62136e-05 106.389 0 5.24904e-05 4.3844 86.4092 0.000903886 1.67483e-06 0.0592721 0.0229652 1.00375
1.12 119.086 0.0015794 4.78043e-05 0.583761 0.105947 0.3 0 0.000645734 100.269 0.575331 0.00020763 2.66897e-05 106.392 0 5.24917e-05 4.38429 86.4092 0.000903886 1.67483e-06 0.0592721 0.0229211 1.00375
1.14 119.086 0.0015794 4.78055e-05 0.583759 0.105947 0.3 0 0.000645738 100.269 0.585607 0.00021134 2.71658e-05 106.394 0 5.24929e-05 4.38418 86.4092 0.000903886 1.67483e-06 0.0592721 0.0228773 1.00375
1.16 119.087 0.00157941 4.78065e-05 0.583757 0.105946 0.3 0 0.000645742 100.269 0.595884 0.00021505 2.76419e-05 106.397 0 5.2494e-05 4.38408 86.4092 0.000903886 1.67483e-06 0.0592721 0.0228337 1.00375
1.18 119.088 0.00157941 4.78075e-05 0.583755 0.105946 0.3 0 0.000645746 100.27 0.606161 0.00021876 2.8118e-05 106.399 0 5.2495e-05 4.384 86.4092 0.000903886 1.67483e-06 0.0592721 0.0227904 1.00375
1.2 119.088 0.00157941 4.78084e-05 0.583753 0.105946 0.3 0 0.000645749 100.27 0.616438 0.000222469 2.85941e-05 106.401 0 5.2496e-05 4.38391 86.4092 0.000903886 1.67483e-06 0.0592721 0.0227473 1.00375
1.22 119.089 0.00157942 4.78092e-05 0.583752 0.105946 0.3 0 0.000645753 100.27 0.626715 0.000226179 2.90702e-05 106.402 0 5.24968e-05 4.38384 86.4092 0.000903886 1.67483e-06 0.0592721 0.0227045 1.00375
1.24 119.089 0.00157942 4.781e-05 0.58375 0.105946 0.3 0 0.000645756 100.27 0.636991 0.000229889 2.95463e-05 106.404 0 5.24975e-05 4.38377 86.4092 0.000903886 1.67483e-06 0.0592721 0.0226619 1.00375
1.26 119.09 0.00157942 4.78106e-05 0.583748 0.105946 0.3 0 0.000645758 100.27 0.647268 0.000233599 3.00224e-05 106.405 0 5.24982e-05 4.38371 86.4092 0.000903886 1.67483e-06 0.0592721 0.0226195 1.00375
1.28 119.09 0.00157942 4.78113e-05 0.583746 0.105946 0.3 0 0.000645761 100.27 0.657545 0.00023731 3.04985e-05 106.407 0 5.24988e-05 4.38365 86.4092 0.000903886 1.67483e-06 0.0592721 0.0225774 1.00375
1.3 119.09 0.00157943 4.78118e-05 0.583744 0.105946 0.3 0 0.000645763 100.27 0.667822 0.00024102 3.09747e-05 106.408 0 5.24994e-05 4.3836 86.4092 0.000903886 1.67483e-06 0.0592721 0.0225355 1.00375
1.32 119.091 0.00157943 4.78124e-05 0.583743 0.105946 0.3 0 0.000645765 100.27 0.678099 0.00024473 3.14508e-05 106.409 0 5.24999e-05 4.38355 86.4092 0.000903886 1.67483e-06 0.0592721 0.0224939 1.00375
1.34 119.091 0.00157943 4.78128e-05 0.583741 0.105946 0.3 0 0.000645767 100.27 0.688375 0.00024844 3.19269e-05 106.41 0 5.25004e-05 4.38351 86.4092 0.000903886 1.67483e-06 0.0592721 0.0224525 1.00375
1.36 119.091 0.00157943 4.78133e-05 0.583739 0.105946 0.3 0 0.000645769 100.27 0.698652 0.000252151 3.2403e-05 106.411 0 5.25008e-05 4.38347 86.4092 0.000903886 1.67483e-06 0.0592721 0.0224113 1.00375
1.38 119.091 0.00157943 4.78137e-05 0.583737 0.105946 0.3 0 0.00064577 100.27 0.708929 0.000255861 3.28792e-05 106.412 0 5.25012e-05 4.38343 86.4092 0.000903886 1.67483e-06 0.0592721 0.0223703 1.00375
1.4 119.092 0.00157943 4.7814e-05 0.583735 0.105946 0.3 0 0.000645772 100.27 0.719206 0.000259571 3.33553e-05 106.413 0 5.25015e-05 4.3834 86.4092 0.000903886 1.67483e-06 0.0592721 0.0223296 1.00375
1.42 119.092 0.00157944 4.78144e-05 0.583733 0.105946 0.3 0 0.000645773 100.27 0.729482 0.000263282 3.38314e-05 106.413 0 5.25018e-05 4.38337 86.4092 0.000903886 1.67483e-06 0.0592721 0.0222891 1.00375
1.44 119.092 0.00157944 4.78147e-05 0.583732 0.105946 0.3 0 0.000645774 100.27 0.739759 0.000266992 3.43076e-05 106.413 0 5.25021e-05 4.38334 86.4092 0.000903886 1.67483e-06 0.0592721 0.0222488 1.00375
1.46 119.092 0.00157944 4.78149e-05 0.58373 0.105946 0.3 0 0.000645775 100.27 0.750036 0.000270702 3.47837e-05 106.414 0 5.25024e-05 4.38331 86.4092 0.000903886 1.67483e-06 0.0592721 0.0222087 1.00375
1.48 119.092 0.00157944 4.78152e-05 0.583728 0.105946 0.3 0 0.000645776 100.27 0.760313 0.000274413 3.52598e-05 106.415 0 5.25026e-05 4.38329 86.4092 0.000903886 1.67483e-06 0.0592721 0.0221689 1.00375
1.5 119.092 0.00157944 4.78154e-05 0.583726 0.105946 0.3 0 0.000645777 100.27 0.770589 0.000278123 3.5736e-05 106.415 0 5.25028e-05 4.38327 86.4092 0.000903886 1.67483e-06 0.0592721 0.0221292 1.00375
1.52 119.092 0.00157944 4.78156e-05 0.583724 0.105946 0.3 0 0.000645778 100.27 0.780866 0.000281834 3.62121e-05 106.416 0 5.25029e-05 4.38325 86.4092 0.000903886 1.67483e-06 0.0592721 0.0220898 1.00375
1.54 119.093 0.00157944 4.78158e-05 0.583723 0.105946 0.3 0 0.000645779 100.27 0.791143 0.000285544 3.66882e-05 106.416 0 5.25031e-05 4.38323 86.4092 0.000903886 1.67483e-06 0.0592721 0.0220506 1.00375
1.56 119.093 0.00157944 4.7816e-05 0.583721 0.105946 0.3 0 0.000645779 100.27 0.80142 0.000289255 3.71644e-05 106.416 0 5.25032e-05 4.38322 86.4092 0.000903886 1.67483e-06 0.0592721 0.0220116 1.00375
1.58 119.093 0.00157944 4.78162e-05 0.583719 0.105946 0.3 0 0.00064578 100.27 0.811696 0.000292965 3.76405e-05 106.417 0 5.25034e-05 4.3832 86.4092 0.000903886 1.67483e-06 0.0592721 0.0219728 1.00375
1.6 119.093 0.00157944 4.78163e-05 0.583717 0.105946 0.3 0 0.00064578 100.27 0.821973 0.000296676 3.81167e-05 106.417 0 5.25035e-05 4.38319 86.4092 0.000903886 1.67483e-06 0.0592721 0.0219343 1.00375
1.62 119.093 0.00157944 4.78164e-05 0.583715 0.105946 0.3 0 0.000645781 100.27 0.83225 0.000300387 3.85928e-05 106.417 0 5.25035e-05 4.38318 86.4092 0.000903886 1.67483e-06 0.0592721 0.0218959 1.00375
1.64 119.093 0.00157944 4.78165e-05 0.583714 0.105946 0.3 0 0.000645781 100.27 0.842527 0.000304097 3.90689e-05 106.418 0 5.25036e-05 4.38317 86.4092 0.000903886 1.67483e-06 0.0592721 0.0218577 1.00375
1.66 119.093 0.00157944 4.78166e-05 0.583712 0.105946 0.3 0 0.000645782 100.27 0.852803 0.000307808 3.95451e-05 106.418 0 5.25037e-05 4.38316 86.4092 0.000903886 1.67483e-06 0.0592721 0.0218197 1.00375
1.68 119.093 0.00157944 4.78167e-05 0.58371 0.105946 0.3 0 0.000645782 100.27 0.86308 0.000311518 4.00212e-05 106.418 0 5.25037e-05 4.38315 86.4092 0.000903886 1.67483e-06 0.0592721 0.021782 1.00375
1.7 119.093 0.00157944 4.78168e-05 0.583708 0.105946 0.3 0 0.000645782 100.27 0.873357 0.000315229 4.04974e-05 106.418 0 5.25038e-05 4.38314 86.4092 0.000903886 1.67483e-06 0.0592721 0.0217444 1.00375
1.72 119.093 0.00157945 4.78169e-05 0.583706 0.105946 0.3 0 0.000645783 100.27 0.883634 0.000318939 4.09735e-05 106.418 0 5.25038e-05 4.38313 86.4092 0.000903886 1.67483e-06 0.0592721 0.021707 1.00375
1.74 119.093 0.00157945 4.7817e-05 0.583704 0.105946 0.3 0 0.000645783 100.27 0.89391 0.00032265 4.14496e-05 106.418 0 5.25038e-05 4.38313 86.4092 0.000903886 1.67483e-06 0.0592721 0.0216698 1.00375
1.76 119.093 0.00157945 4.7817e-05 0.583703 0.105946 0.3 0 0.000645783 100.27 0.904187 0.000326361 4.19258e-05 106.419 0 5.25038e-05 4.38312 86.4092 0.000903886 1.67483e-06 0.0592721 0.0216328 1.00375
1.78 119.093 0.00157945 4.78171e-05 0.583701 0.105946 0.3 0 0.000645783 100.27 0.914464 0.000330071 4.24019e-05 106.419 0 5.25038e-05 4.38312 86.4092 0.000903886 1.67483e-06 0.0592721 0.021596 1.00375
1.8 119.093 0.00157945 4.78171e-05 0.583699 0.105946 0.3 0 0.000645784 100.27 0.924741 0.000333782 4.28781e-05 106.419 0 5.25039e-05 4.38311 86.4092 0.000903886 1.67483e-06 0.0592721 0.0215594 1.00375
1.82 119.093 0.00157945 4.78172e-05 0.583697 0.105946 0.3 0 0.000645784 100.27 0.935017 0.000337492 4.33542e-05 106.419 0 5.25038e-05 4.38311 86.4092 0.000903886 1.67483e-06 0.0592721 0.021523 1.00375
1.84 119.093 0.00157945 4.78172e-05 0.583695 0.105946 0.3 0 0.000645784 100.27 0.945294 0.000341203 4.38304e-05 106.419 0 5.25038e-05 4.38311 86.4092 0.000903886 1.67483e-06 0.0592721 0.0214867 1.00375
1.86 119.094 0.00157945 4.78172e-05 0.583694 0.105946 0.3 0 0.000645784 100.27 0.955571 0.000344914 4.43065e-05 106.419 0 5.25038e-05 4.3831 86.4092 0.000903886 1.67483e-06 0.0592721 0.0214507 1.00375
1.88 119.094 0.00157945 4.78173e-05 0.583692 0.105946 0.3 0 0.000645784 100.27 0.965848 0.000348624 4.47826e-05 106.419 0 5.25038e-05 4.3831 86.4092 0.000903886 1.67483e-06 0.0592721 0.0214148 1.00375
1.9 119.094 0.00157945 4.78173e-05 0.58369 0.105946 0.3 0 0.000645784 100.27 0.976124 0.000352335 4.52588e-05 106.419 0 5.25038e-05 4.3831 86.4092 0.000903886 1.67483e-06 0.0592721 0.0213791 1.00375
1.92 119.094 0.00157945 4.78173e-05 0.583688 0.105946 0.3 0 0.000645784 100.27 0.986401 0.000356045 4.57349e-05 106.419 0 5.25038e-05 4.3831 86.4092 0.000903886 1.67483e-06 0.0592721 0.0213436 1.00375
1.94 119.094 0.00157945 4.78173e-05 0.583686 0.105946 0.3 0 0.000645784 100.27 0.996678 0.000359756 4.62111e-05 106.419 0 5.25037e-05 4.3831 86.4092 0.000903886 1.67483e-06 0.0592721 0.0213082 1.00375
1.96 119.094 0.00157945 4.78173e-05 0.583685 0.105946 0.3 0 0.000645784 100.27 1.00695 0.000363467 4.66872e-05 106.419 0 5.25037e-05 4.3831 86.4092 0.000903886 1.67483e-06 0.0592721 0.0212731 1.00375
1.98 119.094 0.00157945 4.78173e-05 0.583683 0.105946 0.3 0 0.000645785 100.27 1.01723 0.000367177 4.71634e-05 106.419 0 5.25037e-05 4.38309 86.4092 0.000903886 1.67483e-06 0.0592721 0.0212381 1.00375
2 119.094 0.00157945 4.78173e-05 0.583681 0.105946 0.3 0 0.000645785 100.27 1.02751 0.000370888 4.76395e-05 106.419 0 5.25036e-05 4.38309 86.4092 0.000903886 1.67483e-06 0.0592721 0.0212033 1.00375
2.02 119.094 0.00157945 4.78173e-05 0.583679 0.105946 0.3 0 0.000645785 100.27 1.03778 0.000374599 4.81157e-05 106.419 0 5.25036e-05 4.38309 86.4092 0.000903886 1.67483e-06 0.0592721 0.0211686 1.00375
2.04 119.094 0.00157945 4.78174e-05 0.583677 0.105946 0.3 0 0.000645785 100.27 1.04806 0.000378309 4.85918e-05 106.419 0 5.25035e-05 4.38309 86.4092 0.000903886 1.67483e-06 0.0592721 0.0211342 1.00375
2.06 119.094 0.00157945 4.78174e-05 0.583675 0.105946 0.3 0 0.000645785 100.27 1.05834 0.00038202 4.90679e-05 106.419 0 5.25035e-05 4.38309 86.4092 0.000903886 1.67483e-06 0.0592721 0.0210999 1.00375
2.08 119.094 0.00157945 4.78174e-05 0.583674 0.105946 0.3 0 0.000645785 100.27 1.06862 0.00038573 4.95441e-05 106.419 0 5.25035e-05 4.38309 86.4092 0.000903886 1.67483e-06 0.0592721 0.0210657 1.00375
2.1 119.094 0.00157945 4.78174e-05 0.583672 0.105946 0.3 0 0.000645785 100.27 1.07889 0.000389441 5.00202e-05 106.419 0 5.25034e-05 4.38309 86.4092 0.000903886 1.67483e-06 0.0592721 0.0210318 1.00375
2.12 119.094 0.00157945 4.78173e-05 0.58367 0.105946 0.3 0 0.000645785 100.27 1.08917 0.000393152 5.04964e-05 106.419 0 5.25034e-05 4.38309 86.4092 0.000903886 1.67483e-06 0.0592721 0.020998 1.00375
2.14 119.094 0.00157945 4.78173e-05 0.583668 0.105946 0.3 0 0.000645785 100.27 1.09945 0.000396862 5.09725e-05 106.419 0 5.25033e-05 4.38309 86.4092 0.000903886 1.67483e-06 0.0592721 0.0209643 1.00375
2.16 119.094 0.00157945 4.78173e-05 0.583666 0.105946 0.3 0 0.000645785 100.27 1.10972 0.000400573 5.14487e-05 106.419 0 5.25033e-05 4.38309 86.4092 0.000903886 1.67483e-06 0.0592721 0.0209309 1.00375
2.18 119.094 0.00157945 4.78173e-05 0.583665 0.105946 0.3 0 0.000645785 100.27 1.12 0.000404284 5.19248e-05 106.419 0 5.25032e-05 4.38309 86.4092 0.000903886 1.67483e-06 0.0592721 0.0208976 1.00375
2.2 119.094 0.00157945 4.78173e-05 0.583663 0.105946 0.3 0 0.000645784 100.27 1.13028 0.000407994 5.2401e-05 106.419 0 5.25032e-05 4.3831 86.4092 0.000903886 1.67483e-06 0.0592721 0.0208644 1.00375
2.22 119.094 0.00157945 4.78173e-05 0.583661 0.105946 0.3 0 0.000645784 100.27 1.14055 0.000411705 5.28771e-05 106.419 0 5.25031e-05 4.3831 86.4092 0.000903886 1.67483e-06 0.0592721 0.0208314 1.00375
2.24 119.094 0.00157945 4.78173e-05 0.583659 0.105946 0.3 0 0.000645784 100.27 1.15083 0.000415415 5.33532e-05 106.419 0 5.25031e-05 4.3831 86.4092 0.000903886 1.67483e-06 0.0592721 0.0207986 1.00375
2.26 119.094 0.00157945 4.78173e-05 0.583657 0.105946 0.3 0 0.000645784 100.27 1.16111 0.000419126 5.38294e-05 106.419 0 5.2503e-05 4.3831 86.4092 0.000903886 1.67483e-06 0.0592721 0.0207659 1.00375
2.28 119.094 0.00157945 4.78173e-05 0.583656 0.105946 0.3 0 0.000645784 100.27 1.17138 0.000422837 5.43055e-05 106.419 0 5.2503e-05 4.3831 86.4092 0.000903886 1.67483e-06 0.0592721 0.0207334 1.00375
2.3 119.094 0.00157945 4.78173e-05 0.583654 0.105946 0.3 0 0.000645784 100.27 1.18166 0.000426547 5.47817e-05 106.419 0 5.25029e-05 4.3831 86.4092 0.000903886 1.67483e-06 0.0592721 0.020701 1.00375
2.32 119.093 0.00157945 4.78173e-05 0.583652 0.105946 0.3 0 0.000645784 100.27 1.19194 0.000430258 5.52578e-05 106.419 0 5.25029e-05 4.3831 86.4092 0.000903886 1.67483e-06 0.0592721 0.0206688 1.00375
2.34 119.093 0.00157945 4.78172e-05 0.58365 0.105946 0.3 0 0.000645784 100.27 1.20221 0.000433969 5.5734e-05 106.419 0 5.25028e-05 4.3831 86.4092 0.000903886 1.67483e-06 0.0592721 0.0206367 1.00375
2.36 119.093 0.00157945 4.78172e-05 0.583648 0.105946 0.3 0 0.000645784 100.27 1.21249 0.000437679 5.62101e-05 106.419 0 5.25027e-05 4.3831 86.4092 0.000903886 1.67483e-06 0.0592721 0.0206048 1.00375
2.38 119.093 0.00157945 4.78172e-05 0.583646 0.105946 0.3 0 0.000645784 100.27 1.22277 0.00044139 5.66863e-05 106.419 0 5.25027e-05 4.38311 86.4092 0.000903886 1.67483e-06 0.0592721 0.020573 1.00375
2.4 119.093 0.00157945 4.78172e-05 0.583645 0.105946 0.3 0 0.000645784 100.27 1.23304 0.0004451 5.71624e-05 106.419 0 5.25026e-05 4.38311 86.4092 0.000903886 1.67483e-06 0.0592721 0.0205414 1.00375
2.42 119.093 0.00157945 4.78172e-05 0.583643 0.105946 0.3 0 0.000645784 100.27 1.24332 0.000448811 5.76385e-05 106.419 0 5.25026e-05 4.38311 86.4092 0.000903886 1.67483e-06 0.0592721 0.0205099 1.00375
2.44 119.093 0.00157945 4.78172e-05 0.583641 0.105946 0.3 0 0.000645784 100.27 1.2536 0.000452522 5.81147e-05 106.419 0 5.25025e-05 4.38311 86.4092 0.000903886 1.67483e-06 0.0592721 0.0204786 1.00375
2.46 119.093 0.00157945 4.78172e-05 0.583639 0.105946 0.3 0 0.000645784 100.27 1.26387 0.000456232 5.85908e-05 106.419 0 5.25025e-05 4.38311 86.4092 0.000903886 1.67483e-06 0.0592721 0.0204474 1.00375
2.48 119.093 0.00157945 4.78171e-05 0.583637 0.105946 0.3 0 0.000645784 100.27 1.27415 0.000459943 5.9067e-05 106.419 0 5.25024e-05 4.38311 86.4092 0.000903886 1.67483e-06 0.0592721 0.0204164 1.00375
2.5 119.093 0.00157945 4.78171e-05 0.583636 0.105946 0.3 0 0.000645784 100.27 1.28443 0.000463653 5.95431e-05 106.419 0 5.25024e-05 4.38311 86.4092 0.000903886 1.67483e-06 0.0592721 0.0203855 1.00375
2.52 119.093 0.00157945 4.78171e-05 0.583634 0.105946 0.3 0 0.000645784 100.27 1.2947 0.000467364 6.00193e-05 106.419 0 5.25023e-05 4.38311 86.4092 0.000903886 1.67483e-06 0.0592721 0.0203548 1.00375
2.54 119.093 0.00157945 4.78171e-05 0.583632 0.105946 0.3 0 0.000645784 100.27 1.30498 0.000471075 6.04954e-05 106.419 0 5.25023e-05 4.38312 86.4092 0.000903886 1.67483e-06 0.0592721 0.0203241 1.00375
2.56 119.093 0.00157945 4.78171e-05 0.58363 0.105946 0.3 0 0.000645784 100.27 1.31526 0.000474785 6.09715e-05 106.419 0 5.25022e-05 4.38312 86.4092 0.000903886 1.67483e-06 0.0592721 0.0202937 1.00375
2.58 119.093 0.00157945 4.78171e-05 0.583628 0.105946 0.3 0 0.000645784 100.27 1.32553 0.000478496 6.14477e-05 106.419 0 5.25022e-05 4.38312 86.4092 0.000903886 1.67483e-06 0.0592721 0.0202634 1.00375
2.6 119.093 0.00157945 4.7817e-05 0.583627 0.105946 0.3 0 0.000645784 100.27 1.33581 0.000482207 6.19238e-05 106.419 0 5.25021e-05 4.38312 86.4092 0.000903886 1.67483e-06 0.0592721 0.0202332 1.00375
2.62 119.093 0.00157945 4.7817e-05 0.583625 0.105946 0.3 0 0.000645783 100.27 1.34609 0.000485917 6.24e-05 106.419 0 5.25021e-05 4.38312 86.4092 0.000903886 1.67483e-06 0.0592721 0.0202031 1.00375
2.64 119.093 0.00157945 4.7817e-05 0.583623 0.105946 0.3 0 0.000645783 100.27 1.35636 0.000489628 6.28761e-05 106.419 0 5.2502e-05 4.38312 86.4092 0.000903886 1.67483e-06 0.0592721 0.0201732 1.00375
2.66 119.093 0.00157945 4.7817e-05 0.583621 0.105946 0.3 0 0.000645783 100.27 1.36664 0.000493338 6.33523e-05 106.418 0 5.25019e-05 4.38313 86.4092 0.000903886 1.67483e-06 0.0592721 0.0201434 1.00375
2.68 119.093 0.00157945 4.7817e-05 0.583619 0.105946 0.3 0 0.000645783 100.27 1.37692 0.000497049 6.38284e-05 106.418 0 5.25019e-05 4.38313 86.4092 0.000903886 1.67483e-06 0.0592721 0.0201138 1.00375
2.7 119.093 0.00157945 4.7817e-05 0.583618 0.105946 0.3 0 0.000645783 100.27 1.38719 0.00050076 6.43045e-05 106.418 0 5.25018e-05 4.38313 86.4092 0.000903886 1.67483e-06 0.0592721 0.0200842 1.00375
2.72 119.093 0.00157945 4.78169e-05 0.583616 0.105946 0.3 0 0.000645783 100.27 1.39747 0.00050447 6.47807e-05 106.418 0 5.25018e-05 4.38313 86.4092 0.000903886 1.67483e-06 0.0592721 0.0200548 1.00375
2.74 119.093 0.00157945 4.78169e-05 0.583614 0.105946 0.3 0 0.000645783 100.27 1.40775 0.000508181 6.52568e-05 106.418 0 5.25017e-05 4.38313 86.4092 0.000903886 1.67483e-06 0.0592721 0.0200256 1.00375
2.76 119.093 0.00157945 4.78169e-05 0.583612 0.105946 0.3 0 0.000645783 100.27 1.41802 0.000511891 6.5733e-05 106.418 0 5.25017e-05 4.38313 86.4092 0.000903886 1.67483e-06 0.0592721 0.0199964 1.00375
2.78 119.093 0.00157945 4.78169e-05 0.58361 0.105946 0.3 0 0.000645783 100.27 1.4283 0.000515602 6.62091e-05 106.418 0 5.25016e-05 4.38313 86.4092 0.000903886 1.67483e-06 0.0592721 0.0199674 1.00375
2.8 119.093 0.00157945 4.78169e-05 0.583608 0.105946 0.3 0 0.000645783 100.27 1.43858 0.000519312 6.66853e-05 106.418 0 5.25016e-05 4.38314 86.4092 0.000903886 1.67483e-06 0.0592721 0.0199385 1.00375
2.82 119.093 0.00157945 4.78169e-05 0.583607 0.105946 0.3 0 0.000645783 100.27 1.44885 0.000523023 6.71614e-05 106.418 0 5.25015e-05 4.38314 86.4092 0.000903886 1.67483e-06 0.0592721 0.0199098 1.00375
2.84 119.093 0.00157945 4.78168e-05 0.583605 0.105946 0.3 0 0.000645783 100.27 1.45913 0.000526734 6.76375e-05 106.418 0 5.25015e-05 4.38314 86.4092 0.000903886 1.67483e-06 0.0592721 0.0198811 1.00375
2.86 119.093 0.00157945 4.78168e-05 0.583603 0.105946 0.3 0 0.000645783 100.27 1.46941 0.000530444 6.81137e-05 106.418 0 5.25014e-05 4.38314 86.4092 0.000903886 1.67483e-06 0.0592721 0.0198526 1.00375
2.88 119.093 0.00157945 4.78168e-05 0.583601 0.105946 0.3 0 0.000645783 100.27 1.47968 0.000534155 6.85898e-05 106.418 0 5.25014e-05 4.38314 86.4092 0.000903886 1.67483e-06 0.0592721 0.0198242 1.00375
2.9 119.093 0.00157945 4.78168e-05 0.583599 0.105946 0.3 0 0.000645783 100.27 1.48996 0.000537865 6.9066e-05 106.418 0 5.25013e-05 4.38314 86.4092 0.000903886 1.67483e-06 0.0592721 0.019796 1.00375
2.92 119.093 0.00157945 4.78168e-05 0.583598 0.105946 0.3 0 0.000645783 100.27 1.50024 0.000541576 6.95421e-05 106.418 0 5.25013e-05 4.38314 86.4092 0.000903886 1.67483e-06 0.0592721 0.0197678 1.00375
2.94 119.093 0.00157945 4.78168e-05 0.583596 0.105946 0.3 0 0.000645783 100.27 1.51051 0.000545287 7.00183e-05 106.418 0 5.25012e-05 4.38315 86.4092 0.000903886 1.67483e-06 0.0592721 0.0197398 1.00375
2.96 119.093 0.00157945 4.78168e-05 0.583594 0.105946 0.3 0 0.000645782 100.27 1.52079 0.000548997 7.04944e-05 106.418 0 5.25012e-05 4.38315 86.4092 0.000903886 1.67483e-06 0.0592721 0.0197119 1.00375
2.98 119.093 0.00157945 4.78167e-05 0.583592 0.105946 0.3 0 0.000645782 100.27 1.53107 0.000552708 7.09705e-05 106.418 0 5.25011e-05 4.38315 86.4092 0.000903886 1.67483e-06 0.0592721 0.0196841 1.00375
3 119.093 0.00157945 4.78167e-05 0.58359 0.105946 0.3 0 0.000645782 100.27 1.54135 0.000556418 7.14467e-05 106.418 0 5.25011e-05 4.38315 86.4092 0.000903886 1.67483e-06 0.0592721 0.0196565 1.00375
3.02 119.093 0.00157945 4.78167e-05 0.583589 0.105946 0.3 0 0.000645782 100.27 1.55162 0.000560129 7.19228e-05 106.418 0 5.2501e-05 4.38315 86.4092 0.000903886 1.67483e-06 0.0592721 0.0196289 1.00375
3.04 119.093 0.00157945 4.78167e-05 0.583587 0.105946 0.3 0 0.000645782 100.27 1.5619 0.000563839 7.2399e-05 106.418 0 5.2501e-05 4.38315 86.4092 0.000903886 1.67483e-06 0.0592721 0.0196015 1.00375
3.06 119.093 0.00157945 4.78167e-05 0.583585 0.105946 0.3 0 0.000645782 100.27 1.57218 0.00056755 7.28751e-05 106.418 0 5.2501e-05 4.38315 86.4092 0.000903886 1.67483e-06 0.0592721 0.0195742 1.00375
3.08 119.093 0.00157945 4.78167e-05 0.583583 0.105946 0.3 0 0.000645782 100.27 1.58245 0.000571261 7.33512e-05 106.418 0 5.25009e-05 4.38316 86.4092 0.000903886 1.67483e-06 0.0592721 0.019547 1.00375
3.1 119.093 0.00157945 4.78166e-05 0.583581 0.105946 0.3 0 0.000645782 100.27 1.59273 0.000574971 7.38274e-05 106.418 0 5.25009e-05 4.38316 86.4092 0.000903886 1.67483e-06 0.0592721 0.0195199 1.00375
3.12 119.093 0.00157945 4.78166e-05 0.583579 0.105946 0.3 0 0.000645782 100.27 1.60301 0.000578682 7.43035e-05 106.418 0 5.25008e-05 4.38316 86.4092 0.000903886 1.67483e-06 0.0592721 0.0194929 1.00375
3.14 119.093 0.00157945 4.78166e-05 0.583578 0.105946 0.3 0 0.000645782 100.27 1.61328 0.000582392 7.47797e-05 106.418 0 5.25008e-05 4.38316 86.4092 0.000903886 1.67483e-06 0.0592721 0.0194661 1.00375
3.16 119.093 0.00157945 4.78166e-05 0.583576 0.105946 0.3 0 0.000645782 100.27 1.62356 0.000586103 7.52558e-05 106.418 0 5.25007e-05 4.38316 86.4092 0.000903886 1.67483e-06 0.0592721 0.0194393 1.00375
3.18 119.093 0.00157945 4.78166e-05 0.583574 0.105946 0.3 0 0.000645782 100.27 1.63384 0.000589813 7.5732e-05 106.418 0 5.25007e-05 4.38316 86.4092 0.000903886 1.67483e-06 0.0592721 0.0194127 1.00375
3.2 119.093 0.00157945 4.78166e-05 0.583572 0.105946 0.3 0 0.000645782 100.27 1.64411 0.000593524 7.62081e-05 106.418 0 5.25006e-05 4.38316 86.4092 0.000903886 1.67483e-06 0.0592721 0.0193862 1.00375
3.22 119.093 0.00157945 4.78166e-05 0.58357 0.105946 0.3 0 0.000645782 100.27 1.65439 0.000597235 7.66842e-05 106.418 0 5.25006e-05 4.38316 86.4092 0.000903886 1.67483e-06 0.0592721 0.0193598 1.00375
3.24 119.093 0.00157945 4.78165e-05 0.583569 0.105946 0.3 0 0.000645782 100.27 1.66467 0.000600945 7.71604e-05 106.417 0 5.25005e-05 4.38317 86.4092 0.000903886 1.67483e-06 0.0592721 0.0193334 1.00375
3.26 119.093 0.00157945 4.78165e-05 0.583567 0.105946 0.3 0 0.000645782 100.27 1.67494 0.000604656 7.76365e-05 106.417 0 5.25005e-05 4.38317 86.4092 0.000903886 1.67483e-06 0.0592721 0.0193073 1.00375
3.28 119.093 0.00157945 4.78165e-05 0.583565 0.105946 0.3 0 0.000645782 100.27 1.68522 0.000608366 7.81127e-05 106.417 0 5.25005e-05 4.38317 86.4092 0.000903886 1.67483e-06 0.0592721 0.0192812 1.00375
3.3 119.093 0.00157945 4.78165e-05 0.583563 0.105946 0.3 0 0.000645782 100.27 1.6955 0.000612077 7.85888e-05 106.417 0 5.25004e-05 4.38317 86.4092 0.000903886 1.67483e-06 0.0592721 0.0192552 1.00375
3.32 119.093 0.00157945 4.78165e-05 0.583561 0.105946 0.3 0 0.000645782 100.27 1.70577 0.000615787 7.90649e-05 106.417 0 5.25004e-05 4.38317 86.4092 0.000903886 1.67483e-06 0.0592721 0.0192293 1.00375
3.34 119.093 0.00157945 4.78165e-05 0.58356 0.105946 0.3 0 0.000645781 100.27 1.71605 0.000619498 7.95411e-05 106.417 0 5.25003e-05 4.38317 86.4092 0.000903886 1.67483e-06 0.0592721 0.0192035 1.00375
3.36 119.093 0.00157945 4.78165e-05 0.583558 0.105946 0.3 0 0.000645781 100.27 1.72633 0.000623209 8.00172e-05 106.417 0 5.25003e-05 4.38317 86.4092 0.000903886 1.67483e-06 0.0592721 0.0191779 1.00375
3.38 119.093 0.00157945 4.78164e-05 0.583556 0.105946 0.3 0 0.000645781 100.27 1.7366 0.000626919 8.04934e-05 106.417 0 5.25002e-05 4.38317 86.4092 0.000903886 1.67483e-06 0.0592721 0.0191523 1.00375
3.4 119.093 0.00157945 4.78164e-05 0.583554 0.105946 0.3 0 0.000645781 100.27 1.74688 0.00063063 8.09695e-05 106.417 0 5.25002e-05 4.38318 86.4092 0.000903886 1.67483e-06 0.0592721 0.0191268 1.00375
3.42 119.093 0.00157945 4.78164e-05 0.583552 0.105946 0.3 0 0.000645781 100.27 1.75716 0.00063434 8.14457e-05 106.417 0 5.25002e-05 4.38318 86.4092 0.000903886 1.67483e-06 0.0592721 0.0191015 1.00375
3.44 119.093 0.00157945 4.78164e-05 0.583551 0.105946 0.3 0 0.000645781 100.27 1.76743 0.000638051 8.19218e-05 106.417 0 5.25001e-05 4.38318 86.4092 0.000903886 1.67483e-06 0.0592721 0.0190762 1.00375
3.46 119.093 0.00157945 4.78164e-05 0.583549 0.105946 0.3 0 0.000645781 100.27 1.77771 0.000641761 8.23979e-05 106.417 0 5.25001e-05 4.38318 86.4092 0.000903886 1.67483e-06 0.0592721 0.0190511 1.00375
3.48 119.093 0.00157945 4.78164e-05 0.583547 0.105946 0.3 0 0.000645781 100.27 1.78799 0.000645472 8.28741e-05 106.417 0 5.25e-05 4.38318 86.4092 0.000903886 1.67483e-06 0.0592721 0.019026 1.00375
3.5 119.093 0.00157945 4.78164e-05 0.583545 0.105946 0.3 0 0.000645781 100.27 1.79826 0.000649182 8.33502e-05 106.417 0 5.25e-05 4.38318 86.4092 0.000903886 1.67483e-06 0.0592721 0.019001 1.00375
3.52 119.093 0.00157945 4.78164e-05 0.583543 0.105946 0.3 0 0.000645781 100.27 1.80854 0.000652893 8.38264e-05 106.417 0 5.25e-05 4.38318 86.4092 0.000903886 1.67483e-06 0.0592721 0.0189762 1.00375
3.54 119.093 0.00157945 4.78163e-05 0.583541 0.105946 0.3 0 0.000645781 100.27 1.81882 0.000656604 8.43025e-05 106.417 0 5.24999e-05 4.38318 86.4092 0.000903886 1.67483e-06 0.0592721 0.0189514 1.00375
3.56 119.093 0.00157945 4.78163e-05 0.58354 0.105946 0.3 0 0.000645781 100.27 1.82909 0.000660314 8.47786e-05 106.417 0 5.24999e-05 4.38319 86.4092 0.000903886 1.67483e-06 0.0592721 0.0189268 1.00375
3.58 119.093 0.00157945 4.78163e-05 0.583538 0.105946 0.3 0 0.000645781 100.27 1.83937 0.000664025 8.52548e-05 106.417 0 5.24998e-05 4.38319 86.4092 0.000903886 1.67483e-06 0.0592721 0.0189022 1.00375
3.6 119.093 0.00157945 4.78163e-05 0.583536 0.105946 0.3 0 0.000645781 100.27 1.84965 0.000667735 8.57309e-05 106.417 0 5.24998e-05 4.38319 86.4092 0.000903886 1.67483e-06 0.0592721 0.0188777 1.00375
3.62 119.093 0.00157945 4.78163e-05 0.583534 0.105946 0.3 0 0.000645781 100.27 1.85992 0.000671446 8.62071e-05 106.417 0 5.24998e-05 4.38319 86.4092 0.000903886 1.67483e-06 0.0592721 0.0188534 1.00375
3.64 119.093 0.00157945 4.78163e-05 0.583532 0.105946 0.3 0 0.000645781 100.27 1.8702 0.000675156 8.66832e-05 106.417 0 5.24997e-05 4.38319 86.4092 0.000903886 1.67483e-06 0.0592721 0.0188291 1.00375
3.66 119.093 0.00157945 4.78163e-05 0.583531 0.105946 0.3 0 0.000645781 100.27 1.88048 0.000678867 8.71593e-05 106.417 0 5.24997e-05 4.38319 86.4092 0.000903886 1.67483e-06 0.0592721 0.0188049 1.00375
3.68 119.093 0.00157945 4.78162e-05 0.583529 0.105946 0.3 0 0.000645781 100.27 1.89075 0.000682577 8.76355e-05 106.417 0 5.24996e-05 4.38319 86.4092 0.000903886 1.67483e-06 0.0592721 0.0187808 1.00375
3.7 119.093 0.00157945 4.78162e-05 0.583527 0.105946 0.3 0 0.000645781 100.27 1.90103 0.000686288 8.81116e-05 106.417 0 5.24996e-05 4.38319 86.4092 0.000903886 1.67483e-06 0.0592721 0.0187568 1.00375
3.72 119.093 0.00157945 4.78162e-05 0.583525 0.105946 0.3 0 0.000645781 100.27 1.91131 0.000689998 8.85878e-05 106.417 0 5.24996e-05 4.3832 86.4092 0.000903886 1.67483e-06 0.0592721 0.0187329 1.00375
3.74 119.093 0.00157945 4.78162e-05 0.583523 0.105946 0.3 0 0.000645781 100.27 1.92158 0.000693709 8.90639e-05 106.417 0 5.24995e-05 4.3832 86.4092 0.000903886 1.67483e-06 0.0592721 0.0187091 1.00375
3.76 119.093 0.00157945 4.78162e-05 0.583522 0.105946 0.3 0 0.000645781 100.27 1.93186 0.000697419 8.954e-05 106.417 0 5.24995e-05 4.3832 86.4092 0.000903886 1.67483e-06 0.0592721 0.0186854 1.00375
3.78 119.093 0.00157945 4.78162e-05 0.58352 0.105946 0.3 0 0.00064578 100.27 1.94214 0.00070113 9.00162e-05 106.417 0 5.24995e-05 4.3832 86.4092 0.000903886 1.67483e-06 0.0592721 0.0186618 1.00375
3.8 119.093 0.00157945 4.78162e-05 0.583518 0.105946 0.3 0 0.00064578 100.27 1.95242 0.000704841 9.04923e-05 106.417 0 5.24994e-05 4.3832 86.4092 0.000903886 1.67483e-06 0.0592721 0.0186382 1.00375
3.82 119.093 0.00157945 4.78162e-05 0.583516 0.105946 0.3 0 0.00064578 100.27 1.96269 0.000708551 9.09685e-05 106.417 0 5.24994e-05 4.3832 86.4092 0.000903886 1.67483e-06 0.0592721 0.0186148 1.00375
3.84 119.093 0.00157945 4.78162e-05 0.583514 0.105946 0.3 0 0.00064578 100.27 1.97297 0.000712262 9.14446e-05 106.417 0 5.24994e-05 4.3832 86.4092 0.000903886 1.67483e-06 0.0592721 0.0185914 1.00375
3.86 119.093 0.00157945 4.78161e-05 0.583513 0.105946 0.3 0 0.00064578 100.27 1.98325 0.000715972 9.19207e-05 106.417 0 5.24993e-05 4.3832 86.4092 0.000903886 1.67483e-06 0.0592721 0.0185681 1.00375
3.88 119.093 0.00157945 4.78161e-05 0.583511 0.105946 0.3 0 0.00064578 100.27 1.99352 0.000719683 9.23969e-05 106.417 0 5.24993e-05 4.3832 86.4092 0.000903886 1.67483e-06 0.0592721 0.018545 1.00375
3.9 119.093 0.00157945 4.78161e-05 0.583509 0.105946 0.3 0 0.00064578 100.27 2.0038 0.000723393 9.2873e-05 106.417 0 5.24992e-05 4.3832 86.4092 0.000903886 1.67483e-06 0.0592721 0.0185219 1.00375
3.92 119.093 0.00157945 4.78161e-05 0.583507 0.105946 0.3 0 0.00064578 100.27 2.01408 0.000727104 9.33492e-05 106.417 0 5.24992e-05 4.38321 86.4092 0.000903886 1.67483e-06 0.0592721 0.0184989 1.00375
3.94 119.093 0.00157945 4.78161e-05 0.583505 0.105946 0.3 0 0.00064578 100.27 2.02435 0.000730814 9.38253e-05 106.417 0 5.24992e-05 4.38321 86.4092 0.000903886 1.67483e-06 0.0592721 0.0184759 1.00375
3.96 119.093 0.00157945 4.78161e-05 0.583504 0.105946 0.3 0 0.00064578 100.27 2.03463 0.000734525 9.43014e-05 106.416 0 5.24991e-05 4.38321 86.4092 0.000903886 1.67483e-06 0.0592721 0.0184531 1.00375
3.98 119.093 0.00157945 4.78161e-05 0.583502 0.105946 0.3 0 0.00064578 100.27 2.04491 0.000738235 9.47776e-05 106.416 0 5.24991e-05 4.38321 86.4092 0.000903886 1.67483e-06 0.0592721 0.0184304 1.00375
4 119.093 0.00157945 4.78161e-05 0.5835 0.105946 0.3 0 0.00064578 100.27 2.05518 0.000741946 9.52537e-05 106.416 0 5.24991e-05 4.38321 86.4092 0.000903886 1.67483e-06 0.0592721 0.0184077 1.00375
4.02 119.093 0.00157945 4.7816e-05 0.583498 0.105946 0.3 0 0.00064578 100.27 2.06546 0.000745656 9.57299e-05 106.416 0 5.2499e-05 4.38321 86.4092 0.000903886 1.67483e-06 0.0592721 0.0183851 1.00375
4.04 119.093 0.00157945 4.7816e-05 0.583496 0.105946 0.3 0 0.00064578 100.27 2.07574 0.000749367 9.6206e-05 106.416 0 5.2499e-05 4.38321 86.4092 0.000903886 1.67483e-06 0.0592721 0.0183626 1.00375
4.06 119.093 0.00157945 4.7816e-05 0.583494 0.105946 0.3 0 0.00064578 100.27 2.08601 0.000753077 9.66821e-05 106.416 0 5.2499e-05 4.38321 86.4092 0.000903886 1.67483e-06 0.0592721 0.0183402 1.00375
4.08 119.093 0.00157945 4.7816e-05 0.583493 0.105946 0.3 0 0.00064578 100.27 2.09629 0.000756788 9.71583e-05 106.416 0 5.24989e-05 4.38321 86.4092 0.000903886 1.67483e-06 0.0592721 0.0183179 1.00375
4.1 119.093 0.00157945 4.7816e-05 0.583491 0.105946 0.3 0 0.00064578 100.27 2.10657 0.000760498 9.76344e-05 106.416 0 5.24989e-05 4.38322 86.4092 0.000903886 1.67483e-06 0.0592721 0.0182956 1.00375
4.12 119.093 0.00157945 4.7816e-05 0.583489 0.105946 0.3 0 0.00064578 100.27 2.11684 0.000764209 9.81105e-05 106.416 0 5.24989e-05 4.38322 86.4092 0.000903886 1.67483e-06 0.0592721 0.0182735 1.00375
4.14 119.093 0.00157945 4.7816e-05 0.583487 0.105946 0.3 0 0.00064578 100.27 2.12712 0.00076792 9.85867e-05 106.416 0 5.24988e-05 4.38322 86.4092 0.000903886 1.67483e-06 0.0592721 0.0182514 1.00375
4.16 119.093 0.00157945 4.7816e-05 0.583485 0.105946 0.3 0 0.00064578 100.27 2.1374 0.00077163 9.90628e-05 106.416 0 5.24988e-05 4.38322 86.4092 0.000903886 1.67483e-06 0.0592721 0.0182294 1.00375
4.18 119.093 0.00157945 4.7816e-05 0.583484 0.105946 0.3 0 0.00064578 100.27 2.14767 0.000775341 9.9539e-05 106.416 0 5.24988e-05 4.38322 86.4092 0.000903886 1.67483e-06 0.0592721 0.0182074 1.00375
4.2 119.093 0.00157945 4.78159e-05 0.583482 0.105946 0.3 0 0.00064578 100.27 2.15795 0.000779051 0.000100015 106.416 0 5.24987e-05 4.38322 86.4092 0.000903886 1.67483e-06 0.0592721 0.0181856 1.00375
4.22 119.093 0.00157945 4.78159e-05 0.58348 0.105946 0.3 0 0.00064578 100.27 2.16823 0.000782762 0.000100491 106.416 0 5.24987e-05 4.38322 86.4092 0.000903886 1.67483e-06 0.0592721 0.0181638 1.00375
4.24 119.093 0.00157945 4.78159e-05 0.583478 0.105946 0.3 0 0.00064578 100.27 2.1785 0.000786472 0.000100967 106.416 0 5.24987e-05 4.38322 86.4092 0.000903886 1.67483e-06 0.0592721 0.0181422 1.00375
4.26 119.093 0.00157945 4.78159e-05 0.583476 0.105946 0.3 0 0.00064578 100.27 2.18878 0.000790183 0.000101444 106.416 0 5.24986e-05 4.38322 86.4092 0.000903886 1.67483e-06 0.0592721 0.0181205 1.00375
4.28 119.093 0.00157945 4.78159e-05 0.583475 0.105946 0.3 0 0.00064578 100.27 2.19906 0.000793893 0.00010192 106.416 0 5.24986e-05 4.38322 86.4092 0.000903886 1.67483e-06 0.0592721 0.018099 1.00375
4.3 119.093 0.00157945 4.78159e-05 0.583473 0.105946 0.3 0 0.000645779 100.27 2.20933 0.000797604 0.000102396 106.416 0 5.24986e-05 4.38322 86.4092 0.000903886 1.67483e-06 0.0592721 0.0180776 1.00375
4.32 119.093 0.00157945 4.78159e-05 0.583471 0.105946 0.3 0 0.000645779 100.27 2.21961 0.000801314 0.000102872 106.416 0 5.24985e-05 4.38323 86.4092 0.000903886 1.67483e-06 0.0592721 0.0180562 1.00375
4.34 119.093 0.00157945 4.78159e-05 0.583469 0.105946 0.3 0 0.000645779 100.27 2.22989 0.000805025 0.000103348 106.416 0 5.24985e-05 4.38323 86.4092 0.000903886 1.67483e-06 0.0592721 0.0180349 1.00375
4.36 119.093 0.00157945 4.78159e-05 0.583467 0.105946 0.3 0 0.000645779 100.27 2.24016 0.000808735 0.000103824 106.416 0 5.24985e-05 4.38323 86.4092 0.000903886 1.67483e-06 0.0592721 0.0180137 1.00375
4.38 119.093 0.00157945 4.78159e-05 0.583466 0.105946 0.3 0 0.000645779 100.27 2.25044 0.000812446 0.0001043 106.416 0 5.24985e-05 4.38323 86.4092 0.000903886 1.67483e-06 0.0592721 0.0179925 1.00375
4.4 119.093 0.00157945 4.78158e-05 0.583464 0.105946 0.3 0 0.000645779 100.27 2.26072 0.000816156 0.000104776 106.416 0 5.24984e-05 4.38323 86.4092 0.000903886 1.67483e-06 0.0592721 0.0179714 1.00375
4.42 119.093 0.00157945 4.78158e-05 0.583462 0.105946 0.3 0 0.000645779 100.27 2.27099 0.000819867 0.000105253 106.416 0 5.24984e-05 4.38323 86.4092 0.000903886 1.67483e-06 0.0592721 0.0179504 1.00375
4.44 119.093 0.00157945 4.78158e-05 0.58346 0.105946 0.3 0 0.000645779 100.27 2.28127 0.000823577 0.000105729 106.416 0 5.24984e-05 4.38323 86.4092 0.000903886 1.67483e-06 0.0592721 0.0179295 1.00375
4.46 119.093 0.00157945 4.78158e-05 0.583458 0.105946 0.3 0 0.000645779 100.27 2.29155 0.000827288 0.000106205 106.416 0 5.24983e-05 4.38323 86.4092 0.000903886 1.67483e-06 0.0592721 0.0179087 1.00375
4.48 119.093 0.00157945 4.78158e-05 0.583456 0.105946 0.3 0 0.000645779 100.27 2.30182 0.000830998 0.000106681 106.416 0 5.24983e-05 4.38323 86.4092 0.000903886 1.67483e-06 0.0592721 0.0178879 1.00375
4.5 119.093 0.00157945 4.78158e-05 0.583455 0.105946 0.3 0 0.000645779 100.27 2.3121 0.000834709 0.000107157 106.416 0 5.24983e-05 4.38323 86.4092 0.000903886 1.67483e-06 0.0592721 0.0178672 1.00375
4.52 119.093 0.00157945 4.78158e-05 0.583453 0.105946 0.3 0 0.000645779 100.27 2.32238 0.000838419 0.000107633 106.416 0 5.24982e-05 4.38323 86.4092 0.000903886 1.67483e-06 0.0592721 0.0178466 1.00375
4.54 119.093 0.00157945 4.78158e-05 0.583451 0.105946 0.3 0 0.000645779 100.27 2.33265 0.00084213 0.000108109 106.416 0 5.24982e-05 4.38324 86.4092 0.000903886 1.67483e-06 0.0592721 0.017826 1.00375
4.56 119.093 0.00157945 4.78158e-05 0.583449 0.105946 0.3 0 0.000645779 100.27 2.34293 0.00084584 0.000108586 106.416 0 5.24982e-05 4.38324 86.4092 0.000903886 1.67483e-06 0.0592721 0.0178055 1.00375
4.58 119.093 0.00157945 4.78158e-05 0.583447 0.105946 0.3 0 0.000645779 100.27 2.35321 0.000849551 0.000109062 106.416 0 5.24982e-05 4.38324 86.4092 0.000903886 1.67483e-06 0.0592721 0.0177851 1.00375
4.6 119.093 0.00157945 4.78157e-05 0.583446 0.105946 0.3 0 0.000645779 100.27 2.36349 0.000853261 0.000109538 106.416 0 5.24981e-05 4.38324 86.4092 0.000903886 1.67483e-06 0.0592721 0.0177648 1.00375
4.62 119.093 0.00157945 4.78157e-05 0.583444 0.105946 0.3 0 0.000645779 100.27 2.37376 0.000856972 0.000110014 106.416 0 5.24981e-05 4.38324 86.4092 0.000903886 1.67483e-06 0.0592721 0.0177445 1.00375
4.64 119.093 0.00157945 4.78157e-05 0.583442 0.105946 0.3 0 0.000645779 100.27 2.38404 0.000860682 0.00011049 106.416 0 5.24981e-05 4.38324 86.4092 0.000903886 1.67483e-06 0.0592721 0.0177243 1.00375
4.66 119.092 0.00157945 4.78157e-05 0.58344 0.105946 0.3 0 0.000645779 100.27 2.39432 0.000864393 0.000110966 106.416 0 5.2498e-05 4.38324 86.4092 0.000903886 1.67483e-06 0.0592721 0.0177041 1.00375
4.68 119.092 0.00157945 4.78157e-05 0.583438 0.105946 0.3 0 0.000645779 100.27 2.40459 0.000868103 0.000111442 106.416 0 5.2498e-05 4.38324 86.4092 0.000903886 1.67483e-06 0.0592721 0.0176841 1.00375
4.7 119.092 0.00157945 4.78157e-05 0.583437 0.105946 0.3 0 0.000645779 100.27 2.41487 0.000871814 0.000111919 106.416 0 5.2498e-05 4.38324 86.4092 0.000903886 1.67483e-06 0.0592721 0.0176641 1.00375
4.72 119.092 0.00157945 4.78157e-05 0.583435 0.105946 0.3 0 0.000645779 100.27 2.42515 0.000875524 0.000112395 106.416 0 5.2498e-05 4.38324 86.4092 0.000903886 1.67483e-06 0.0592721 0.0176442 1.00375
4.74 119.092 0.00157945 4.78157e-05 0.583433 0.105946 0.3 0 0.000645779 100.27 2.43542 0.000879235 0.000112871 106.416 0 5.24979e-05 4.38324 86.4092 0.000903886 1.67483e-06 0.0592721 0.0176243 1.00375
4.76 119.092 0.00157945 4.78157e-05 0.583431 0.105946 0.3 0 0.000645779 100.27 2.4457 0.000882945 0.000113347 106.416 0 5.24979e-05 4.38324 86.4092 0.000903886 1.67483e-06 0.0592721 0.0176045 1.00375
4.78 119.092 0.00157945 4.78157e-05 0.583429 0.105946 0.3 0 0.000645779 100.27 2.45598 0.000886656 0.000113823 106.416 0 5.24979e-05 4.38325 86.4092 0.000903886 1.67483e-06 0.0592721 0.0175848 1.00375
4.8 119.092 0.00157945 4.78157e-05 0.583428 0.105946 0.3 0 0.000645779 100.27 2.46625 0.000890366 0.000114299 106.416 0 5.24979e-05 4.38325 86.4092 0.000903886 1.67483e-06 0.0592721 0.0175651 1.00375
4.82 119.092 0.00157945 4.78156e-05 0.583426 0.105946 0.3 0 0.000645779 100.27 2.47653 0.000894077 0.000114775 106.416 0 5.24978e-05 4.38325 86.4092 0.000903886 1.67483e-06 0.0592721 0.0175455 1.00375
4.84 119.092 0.00157945 4.78156e-05 0.583424 0.105946 0.3 0 0.000645779 100.27 2.48681 0.000897787 0.000115252 106.416 0 5.24978e-05 4.38325 86.4092 0.000903886 1.67483e-06 0.0592721 0.017526 1.00375
4.86 119.092 0.00157945 4.78156e-05 0.583422 0.105946 0.3 0 0.000645779 100.27 2.49708 0.000901498 0.000115728 106.416 0 5.24978e-05 4.38325 86.4092 0.000903886 1.67483e-06 0.0592721 0.0175065 1.00375
4.88 119.092 0.00157945 4.78156e-05 0.58342 0.105946 0.3 0 0.000645779 100.27 2.50736 0.000905208 0.000116204 106.415 0 5.24977e-05 4.38325 86.4092 0.000903886 1.67483e-06 0.0592721 0.0174871 1.00375
4.9 119.092 0.00157945 4.78156e-05 0.583419 0.105946 0.3 0 0.000645779 100.27 2.51764 0.000908919 0.00011668 106.415 0 5.24977e-05 4.38325 86.4092 0.000903886 1.67483e-06 0.0592721 0.0174678 1.00375
4.92 119.092 0.00157945 4.78156e-05 0.583417 0.105946 0.3 0 0.000645779 100.27 2.52791 0.000912629 0.000117156 106.415 0 5.24977e-05 4.38325 86.4092 0.000903886 1.67483e-06 0.0592721 0.0174486 1.00375
4.94 119.092 0.00157945 4.78156e-05 0.583415 0.105946 0.3 0 0.000645778 100.27 2.53819 0.00091634 0.000117632 106.415 0 5.24977e-05 4.38325 86.4092 0.000903886 1.67483e-06 0.0592721 0.0174294 1.00375
4.96 119.092 0.00157945 4.78156e-05 0.583413 0.105946 0.3 0 0.000645778 100.27 2.54847 0.00092005 0.000118108 106.415 0 5.24976e-05 4.38325 86.4092 0.000903886 1.67483e-06 0.0592721 0.0174102 1.00375
4.98 119.092 0.00157945 4.78156e-05 0.583411 0.105946 0.3 0 0.000645778 100.27 2.55874 0.000923761 0.000118584 106.415 0 5.24976e-05 4.38325 86.4092 0.000903886 1.67483e-06 0.0592721 0.0173911 1.00375
5 119.092 0.00157945 4.78156e-05 0.58341 0.105946 0.3 0 0.000645778 100.27 2.56902 0.000927471 0.000119061 106.415 0 5.24976e-05 4.38325 86.4092 0.000903886 1.67483e-06 0.0592721 0.0173721 1.00375
5.02 119.092 0.00157945 4.78156e-05 0.583408 0.105946 0.3 0 0.000645778 100.27 2.5793 0.000931182 0.000119537 106.415 0 5.24976e-05 4.38325 86.4092 0.000903886 1.67483e-06 0.0592721 0.0173532 1.00375
5.04 119.092 0.00157945 4.78156e-05 0.583406 0.105946 0.3 0 0.000645778 100.27 2.58957 0.000934892 0.000120013 106.415 0 5.24975e-05 4.38326 86.4092 0.000903886 1.67483e-06 0.0592721 0.0173343 1.00375
5.06 119.092 0.00157945 4.78155e-05 0.583404 0.105946 0.3 0 0.000645778 100.27 2.59985 0.000938603 0.000120489 106.415 0 5.24975e-05 4.38326 86.4092 0.000903886 1.67483e-06 0.0592721 0.0173155 1.00375
5.08 119.092 0.00157945 4.78155e-05 0.583402 0.105946 0.3 0 0.000645778 100.27 2.61013 0.000942313 0.000120965 106.415 0 5.24975e-05 4.38326 86.4092 0.000903886 1.67483e-06 0.0592721 0.0172967 1.00375
5.1 119.092 0.00157945 4.78155e-05 0.5834 0.105946 0.3 0 0.000645778 100.27 2.6204 0.000946024 0.000121441 106.415 0 5.24975e-05 4.38326 86.4092 0.000903886 1.67483e-06 0.0592721 0.017278 1.00375
5.12 119.092 0.00157945 4.78155e-05 0.583399 0.105946 0.3 0 0.000645778 100.27 2.63068 0.000949734 0.000121917 106.415 0 5.24974e-05 4.38326 86.4092 0.000903886 1.67483e-06 0.0592721 0.0172594 1.00375
5.14 119.092 0.00157945 4.78155e-05 0.583397 0.105946 0.3 0 0.000645778 100.27 2.64096 0.000953445 0.000122394 106.415 0 5.24974e-05 4.38326 86.4092 0.000903886 1.67483e-06 0.0592721 0.0172408 1.00375
5.16 119.092 0.00157945 4.78155e-05 0.583395 0.105946 0.3 0 0.000645778 100.27 2.65123 0.000957155 0.00012287 106.415 0 5.24974e-05 4.38326 86.4092 0.000903886 1.67483e-06 0.0592721 0.0172223 1.00375
5.18 119.092 0.00157945 4.78155e-05 0.583393 0.105946 0.3 0 0.000645778 100.27 2.66151 0.000960866 0.000123346 106.415 0 5.24974e-05 4.38326 86.4092 0.000903886 1.67483e-06 0.0592721 0.0172038 1.00375
5.2 119.092 0.00157945 4.78155e-05 0.583391 0.105946 0.3 0 0.000645778 100.27 2.67179 0.000964576 0.000123822 106.415 0 5.24973e-05 4.38326 86.4092 0.000903886 1.67483e-06 0.0592721 0.0171854 1.00375
5.22 119.092 0.00157945 4.78155e-05 0.58339 0.105946 0.3 0 0.000645778 100.27 2.68206 0.000968286 0.000124298 106.415 0 5.24973e-05 4.38326 86.4092 0.000903886 1.67483e-06 0.0592721 0.0171671 1.00375
5.24 119.092 0.00157945 4.78155e-05 0.583388 0.105946 0.3 0 0.000645778 100.27 2.69234 0.000971997 0.000124774 106.415 0 5.24973e-05 4.38326 86.4092 0.000903886 1.67483e-06 0.0592721 0.0171488 1.00375
5.26 119.092 0.00157945 4.78155e-05 0.583386 0.105946 0.3 0 0.000645778 100.27 2.70262 0.000975707 0.00012525 106.415 0 5.24973e-05 4.38326 86.4092 0.000903886 1.67483e-06 0.0592721 0.0171306 1.00375
5.28 119.092 0.00157945 4.78155e-05 0.583384 0.105946 0.3 0 0.000645778 100.27 2.71289 0.000979418 0.000125727 106.415 0 5.24972e-05 4.38326 86.4092 0.000903886 1.67483e-06 0.0592721 0.0171125 1.00375
5.3 119.092 0.00157945 4.78154e-05 0.583382 0.105946 0.3 0 0.000645778 100.27 2.72317 0.000983128 0.000126203 106.415 0 5.24972e-05 4.38326 86.4092 0.000903886 1.67483e-06 0.0592721 0.0170944 1.00375
5.32 119.092 0.00157945 4.78154e-05 0.583381 0.105946 0.3 0 0.000645778 100.27 2.73345 0.000986839 0.000126679 106.415 0 5.24972e-05 4.38327 86.4092 0.000903886 1.67483e-06 0.0592721 0.0170763 1.00375
5.34 119.092 0.00157945 4.78154e-05 0.583379 0.105946 0.3 0 0.000645778 100.27 2.74372 0.000990549 0.000127155 106.415 0 5.24972e-05 4.38327 86.4092 0.000903886 1.67483e-06 0.0592721 0.0170583 1.00375
5.36 119.092 0.00157945 4.78154e-05 0.583377 0.105946 0.3 0 0.000645778 100.27 2.754 0.00099426 0.000127631 106.415 0 5.24972e-05 4.38327 86.4092 0.000903886 1.67483e-06 0.0592721 0.0170404 1.00375
5.38 119.092 0.00157945 4.78154e-05 0.583375 0.105946 0.3 0 0.000645778 100.27 2.76428 0.00099797 0.000128107 106.415 0 5.24971e-05 4.38327 86.4092 0.000903886 1.67483e-06 0.0592721 0.0170225 1.00375
5.4 119.092 0.00157945 4.78154e-05 0.583373 0.105946 0.3 0 0.000645778 100.27 2.77456 0.00100168 0.000128583 106.415 0 5.24971e-05 4.38327 86.4092 0.000903886 1.67483e-06 0.0592721 0.0170047 1.00375
5.42 119.092 0.00157945 4.78154e-05 0.583372 0.105946 0.3 0 0.000645778 100.27 2.78483 0.00100539 0.00012906 106.415 0 5.24971e-05 4.38327 86.4092 0.000903886 1.67483e-06 0.0592721 0.016987 1.00375
5.44 119.092 0.00157945 4.78154e-05 0.58337 0.105946 0.3 0 0.000645778 100.27 2.79511 0.0010091 0.000129536 106.415 0 5.24971e-05 4.38327 86.4092 0.000903886 1.67483e-06 0.0592721 0.0169693 1.00375
5.46 119.092 0.00157945 4.78154e-05 0.583368 0.105946 0.3 0 0.000645778 100.27 2.80539 0.00101281 0.000130012 106.415 0 5.2497e-05 4.38327 86.4092 0.000903886 1.67483e-06 0.0592721 0.0169516 1.00375
5.48 119.092 0.00157945 4.78154e-05 0.583366 0.105946 0.3 0 0.000645778 100.27 2.81566 0.00101652 0.000130488 106.415 0 5.2497e-05 4.38327 86.4092 0.000903886 1.67483e-06 0.0592721 0.016934 1.00375
5.5 119.092 0.00157945 4.78154e-05 0.583364 0.105946 0.3 0 0.000645778 100.27 2.82594 0.00102023 0.000130964 106.415 0 5.2497e-05 4.38327 86.4092 0.000903886 1.67483e-06 0.0592721 0.0169165 1.00375
5.52 119.092 0.00157945 4.78154e-05 0.583363 0.105946 0.3 0 0.000645778 100.27 2.83622 0.00102394 0.00013144 106.415 0 5.2497e-05 4.38327 86.4092 0.000903886 1.67483e-06 0.0592721 0.016899 1.00375
5.54 119.092 0.00157945 4.78154e-05 0.583361 0.105946 0.3 0 0.000645778 100.27 2.84649 0.00102765 0.000131916 106.415 0 5.2497e-05 4.38327 86.4092 0.000903886 1.67483e-06 0.0592721 0.0168816 1.00375
5.56 119.092 0.00157945 4.78154e-05 0.583359 0.105946 0.3 0 0.000645778 100.27 2.85677 0.00103136 0.000132392 106.415 0 5.24969e-05 4.38327 86.4092 0.000903886 1.67483e-06 0.0592721 0.0168642 1.00375
5.58 119.092 0.00157945 4.78153e-05 0.583357 0.105946 0.3 0 0.000645778 100.27 2.86705 0.00103508 0.000132869 106.415 0 5.24969e-05 4.38327 86.4092 0.000903886 1.67483e-06 0.0592721 0.0168469 1.00375
5.6 119.092 0.00157945 4.78153e-05 0.583355 0.105946 0.3 0 0.000645778 100.27 2.87732 0.00103879 0.000133345 106.415 0 5.24969e-05 4.38327 86.4092 0.000903886 1.67483e-06 0.0592721 0.0168296 1.00375
5.62 119.092 0.00157945 4.78153e-05 0.583354 0.105946 0.3 0 0.000645778 100.27 2.8876 0.0010425 0.000133821 106.415 0 5.24969e-05 4.38328 86.4092 0.000903886 1.67483e-06 0.0592721 0.0168124 1.00375
5.64 119.092 0.00157945 4.78153e-05 0.583352 0.105946 0.3 0 0.000645778 100.27 2.89788 0.00104621 0.000134297 106.415 0 5.24968e-05 4.38328 86.4092 0.000903886 1.67483e-06 0.0592721 0.0167953 1.00375
5.66 119.092 0.00157945 4.78153e-05 0.58335 0.105946 0.3 0 0.000645778 100.27 2.90815 0.00104992 0.000134773 106.415 0 5.24968e-05 4.38328 86.4092 0.000903886 1.67483e-06 0.0592721 0.0167782 1.00375
5.68 119.092 0.00157945 4.78153e-05 0.583348 0.105946 0.3 0 0.000645778 100.27 2.91843 0.00105363 0.000135249 106.415 0 5.24968e-05 4.38328 86.4092 0.000903886 1.67483e-06 0.0592721 0.0167611 1.00375
5.7 119.092 0.00157945 4.78153e-05 0.583346 0.105946 0.3 0 0.000645778 100.27 2.92871 0.00105734 0.000135725 106.415 0 5.24968e-05 4.38328 86.4092 0.000903886 1.67483e-06 0.0592721 0.0167441 1.00375
5.72 119.092 0.00157945 4.78153e-05 0.583344 0.105946 0.3 0 0.000645778 100.27 2.93898 0.00106105 0.000136202 106.415 0 5.24968e-05 4.38328 86.4092 0.000903886 1.67483e-06 0.0592721 0.0167272 1.00375
5.74 119.092 0.00157945 4.78153e-05 0.583343 0.105946 0.3 0 0.000645778 100.27 2.94926 0.00106476 0.000136678 106.415 0 5.24967e-05 4.38328 86.4092 0.000903886 1.67483e-06 0.0592721 0.0167103 1.00375
5.76 119.092 0.00157945 4.78153e-05 0.583341 0.105946 0.3 0 0.000645778 100.27 2.95954 0.00106847 0.000137154 106.415 0 5.24967e-05 4.38328 86.4092 0.000903886 1.67483e-06 0.0592721 0.0166934 1.00375
5.78 119.092 0.00157945 4.78153e-05 0.583339 0.105946 0.3 0 0.000645777 100.27 2.96981 0.00107218 0.00013763 106.415 0 5.24967e-05 4.38328 86.4092 0.000903886 1.67483e-06 0.0592721 0.0166767 1.00375
5.8 119.092 0.00157945 4.78153e-05 0.583337 0.105946 0.3 0 0.000645777 100.27 2.98009 0.00107589 0.000138106 106.415 0 5.24967e-05 4.38328 86.4092 0.000903886 1.67483e-06 0.0592721 0.0166599 1.00375
5.82 119.092 0.00157945 4.78153e-05 0.583335 0.105946 0.3 0 0.000645777 100.27 2.99037 0.0010796 0.000138582 106.415 0 5.24967e-05 4.38328 86.4092 0.000903886 1.67483e-06 0.0592721 0.0166433 1.00375
5.84 119.092 0.00157945 4.78153e-05 0.583334 0.105946 0.3 0 0.000645777 100.27 3.00064 0.00108331 0.000139058 106.415 0 5.24966e-05 4.38328 86.4092 0.000903886 1.67483e-06 0.0592721 0.0166266 1.00375
5.86 119.092 0.00157945 4.78152e-05 0.583332 0.105946 0.3 0 0.000645777 100.27 3.01092 0.00108702 0.000139535 106.415 0 5.24966e-05 4.38328 86.4092 0.000903886 1.67483e-06 0.0592721 0.01661 1.00375
5.88 119.092 0.00157945 4.78152e-05 0.58333 0.105946 0.3 0 0.000645777 100.27 3.0212 0.00109073 0.000140011 106.415 0 5.24966e-05 4.38328 86.4092 0.000903886 1.67483e-06 0.0592721 0.0165935 1.00375
5.9 119.092 0.00157945 4.78152e-05 0.583328 0.105946 0.3 0 0.000645777 100.27 3.03147 0.00109444 0.000140487 106.415 0 5.24966e-05 4.38328 86.4092 0.000903886 1.67483e-06 0.0592721 0.016577 1.00375
5.92 119.092 0.00157945 4.78152e-05 0.583326 0.105946 0.3 0 0.000645777 100.27 3.04175 0.00109815 0.000140963 106.415 0 5.24966e-05 4.38328 86.4092 0.000903886 1.67483e-06 0.0592721 0.0165606 1.00375
5.94 119.092 0.00157945 4.78152e-05 0.583325 0.105946 0.3 0 0.000645777 100.27 3.05203 0.00110186 0.000141439 106.415 0 5.24965e-05 4.38329 86.4092 0.000903886 1.67483e-06 0.0592721 0.0165442 1.00375
5.96 119.092 0.00157945 4.78152e-05 0.583323 0.105946 0.3 0 0.000645777 100.27 3.0623 0.00110557 0.000141915 106.415 0 5.24965e-05 4.38329 86.4092 0.000903886 1.67483e-06 0.0592721 0.0165279 1.00375
5.98 119.092 0.00157945 4.78152e-05 0.583321 0.105946 0.3 0 0.000645777 100.27 3.07258 0.00110928 0.000142391 106.415 0 5.24965e-05 4.38329 86.4092 0.000903886 1.67483e-06 0.0592721 0.0165116 1.00375
6 119.092 0.00157945 4.78152e-05 0.583319 0.105946 0.3 0 0.000645777 100.27 3.08286 0.00111299 0.000142867 106.415 0 5.24965e-05 4.38329 86.4092 0.000903886 1.67483e-06 0.0592721 0.0164953 1.00375
6.02 119.092 0.00157945 4.78152e-05 0.583317 0.105946 0.3 0 0.000645777 100.27 3.09313 0.00111671 0.000143344 106.415 0 5.24965e-05 4.38329 86.4092 0.000903886 1.67483e-06 0.0592721 0.0164791 1.00375
6.04 119.092 0.00157945 4.78152e-05 0.583316 0.105946 0.3 0 0.000645777 100.27 3.10341 0.00112042 0.00014382 106.415 0 5.24964e-05 4.38329 86.4092 0.000903886 1.67483e-06 0.0592721 0.016463 1.00375
6.06 119.092 0.00157945 4.78152e-05 0.583314 0.105946 0.3 0 0.000645777 100.27 3.11369 0.00112413 0.000144296 106.415 0 5.24964e-05 4.38329 86.4092 0.000903886 1.67483e-06 0.0592721 0.0164469 1.00375
6.08 119.092 0.00157945 4.78152e-05 0.583312 0.105946 0.3 0 0.000645777 100.27 3.12396 0.00112784 0.000144772 106.415 0 5.24964e-05 4.38329 86.4092 0.000903886 1.67483e-06 0.0592721 0.0164308 1.00375
6.1 119.092 0.00157945 4.78152e-05 0.58331 0.105946 0.3 0 0.000645777 100.27 3.13424 0.00113155 0.000145248 106.415 0 5.24964e-05 4.38329 86.4092 0.000903886 1.67483e-06 0.0592721 0.0164148 1.00375
6.12 119.092 0.00157945 4.78152e-05 0.583308 0.105946 0.3 0 0.000645777 100.27 3.14452 0.00113526 0.000145724 106.414 0 5.24964e-05 4.38329 86.4092 0.000903886 1.67483e-06 0.0592721 0.0163989 1.00375
6.14 119.092 0.00157945 4.78152e-05 0.583307 0.105946 0.3 0 0.000645777 100.27 3.15479 0.00113897 0.0001462 106.414 0 5.24963e-05 4.38329 86.4092 0.000903886 1.67483e-06 0.0592721 0.016383 1.00375
6.16 119.092 0.00157945 4.78152e-05 0.583305 0.105946 0.3 0 0.000645777 100.27 3.16507 0.00114268 0.000146677 106.414 0 5.24963e-05 4.38329 86.4092 0.000903886 1.67483e-06 0.0592721 0.0163671 1.00375
6.18 119.092 0.00157945 4.78151e-05 0.583303 0.105946 0.3 0 0.000645777 100.27 3.17535 0.00114639 0.000147153 106.414 0 5.24963e-05 4.38329 86.4092 0.000903886 1.67483e-06 0.0592721 0.0163513 1.00375
6.2 119.092 0.00157945 4.78151e-05 0.583301 0.105946 0.3 0 0.000645777 100.27 3.18563 0.0011501 0.000147629 106.414 0 5.24963e-05 4.38329 86.4092 0.000903886 1.67483e-06 0.0592721 0.0163355 1.00375
6.22 119.092 0.00157945 4.78151e-05 0.583299 0.105946 0.3 0 0.000645777 100.27 3.1959 0.00115381 0.000148105 106.414 0 5.24963e-05 4.38329 86.4092 0.000903886 1.67483e-06 0.0592721 0.0163198 1.00375
6.24 119.092 0.00157945 4.78151e-05 0.583298 0.105946 0.3 0 0.000645777 100.27 3.20618 0.00115752 0.000148581 106.414 0 5.24962e-05 4.38329 86.4092 0.000903886 1.67483e-06 0.0592721 0.0163041 1.00375
6.26 119.092 0.00157945 4.78151e-05 0.583296 0.105946 0.3 0 0.000645777 100.27 3.21646 0.00116123 0.000149057 106.414 0 5.24962e-05 4.38329 86.4092 0.000903886 1.67483e-06 0.0592721 0.0162885 1.00375
6.28 119.092 0.00157945 4.78151e-05 0.583294 0.105946 0.3 0 0.000645777 100.27 3.22673 0.00116494 0.000149533 106.414 0 5.24962e-05 4.38329 86.4092 0.000903886 1.67483e-06 0.0592721 0.0162729 1.00375
6.3 119.092 0.00157945 4.78151e-05 0.583292 0.105946 0.3 0 0.000645777 100.27 3.23701 0.00116865 0.00015001 106.414 0 5.24962e-05 4.3833 86.4092 0.000903886 1.67483e-06 0.0592721 0.0162574 1.00375
6.32 119.092 0.00157945 4.78151e-05 0.58329 0.105946 0.3 0 0.000645777 100.27 3.24729 0.00117236 0.000150486 106.414 0 5.24962e-05 4.3833 86.4092 0.000903886 1.67483e-06 0.0592721 0.0162419 1.00375
6.34 119.092 0.00157945 4.78151e-05 0.583289 0.105946 0.3 0 0.000645777 100.27 3.25756 0.00117607 0.000150962 106.414 0 5.24962e-05 4.3833 86.4092 0.000903886 1.67483e-06 0.0592721 0.0162264 1.00375
6.36 119.092 0.00157945 4.78151e-05 0.583287 0.105946 0.3 0 0.000645777 100.27 3.26784 0.00117978 0.000151438 106.414 0 5.24961e-05 4.3833 86.4092 0.000903886 1.67483e-06 0.0592721 0.016211 1.00375
6.38 119.092 0.00157945 4.78151e-05 0.583285 0.105946 0.3 0 0.000645777 100.27 3.27812 0.00118349 0.000151914 106.414 0 5.24961e-05 4.3833 86.4092 0.000903886 1.67483e-06 0.0592721 0.0161957 1.00375
6.4 119.092 0.00157945 4.78151e-05 0.583283 0.105946 0.3 0 0.000645777 100.27 3.28839 0.0011872 0.00015239 106.414 0 5.24961e-05 4.3833 86.4092 0.000903886 1.67483e-06 0.0592721 0.0161804 1.00375
6.42 119.092 0.00157945 4.78151e-05 0.583281 0.105946 0.3 0 0.000645777 100.27 3.29867 0.00119091 0.000152866 106.414 0 5.24961e-05 4.3833 86.4092 0.000903886 1.67483e-06 0.0592721 0.0161651 1.00375
6.44 119.092 0.00157945 4.78151e-05 0.583279 0.105946 0.3 0 0.000645777 100.27 3.30895 0.00119462 0.000153342 106.414 0 5.24961e-05 4.3833 86.4092 0.000903886 1.67483e-06 0.0592721 0.0161499 1.00375
6.46 119.092 0.00157945 4.78151e-05 0.583278 0.105946 0.3 0 0.000645777 100.27 3.31922 0.00119834 0.000153819 106.414 0 5.2496e-05 4.3833 86.4092 0.000903886 1.67483e-06 0.0592721 0.0161347 1.00375
6.48 119.092 0.00157945 4.78151e-05 0.583276 0.105946 0.3 0 0.000645777 100.27 3.3295 0.00120205 0.000154295 106.414 0 5.2496e-05 4.3833 86.4092 0.000903886 1.67483e-06 0.0592721 0.0161195 1.00375
6.5 119.092 0.00157945 4.7815e-05 0.583274 0.105946 0.3 0 0.000645777 100.27 3.33978 0.00120576 0.000154771 106.414 0 5.2496e-05 4.3833 86.4092 0.000903886 1.67483e-06 0.0592721 0.0161044 1.00375
6.52 119.092 0.00157945 4.7815e-05 0.583272 0.105946 0.3 0 0.000645777 100.27 3.35005 0.00120947 0.000155247 106.414 0 5.2496e-05 4.3833 86.4092 0.000903886 1.67483e-06 0.0592721 0.0160894 1.00375
6.54 119.092 0.00157945 4.7815e-05 0.58327 0.105946 0.3 0 0.000645777 100.27 3.36033 0.00121318 0.000155723 106.414 0 5.2496e-05 4.3833 86.4092 0.000903886 1.67483e-06 0.0592721 0.0160744 1.00375
6.56 119.092 0.00157945 4.7815e-05 0.583269 0.105946 0.3 0 0.000645777 100.27 3.37061 0.00121689 0.000156199 106.414 0 5.2496e-05 4.3833 86.4092 0.000903886 1.67483e-06 0.0592721 0.0160594 1.00375
6.58 119.092 0.00157945 4.7815e-05 0.583267 0.105946 0.3 0 0.000645777 100.27 3.38088 0.0012206 0.000156675 106.414 0 5.24959e-05 4.3833 86.4092 0.000903886 1.67483e-06 0.0592721 0.0160445 1.00375
6.6 119.092 0.00157945 4.7815e-05 0.583265 0.105946 0.3 0 0.000645777 100.27 3.39116 0.00122431 0.000157152 106.414 0 5.24959e-05 4.3833 86.4092 0.000903886 1.67483e-06 0.0592721 0.0160296 1.00375
6.62 119.092 0.00157945 4.7815e-05 0.583263 0.105946 0.3 0 0.000645777 100.27 3.40144 0.00122802 0.000157628 106.414 0 5.24959e-05 4.3833 86.4092 0.000903886 1.67483e-06 0.0592721 0.0160147 1.00375
6.64 119.092 0.00157945 4.7815e-05 0.583261 0.105946 0.3 0 0.000645777 100.27 3.41171 0.00123173 0.000158104 106.414 0 5.24959e-05 4.3833 86.4092 0.000903886 1.67483e-06 0.0592721 0.0159999 1.00375
6.66 119.092 0.00157945 4.7815e-05 0.58326 0.105946 0.3 0 0.000645777 100.27 3.42199 0.00123544 0.00015858 106.414 0 5.24959e-05 4.3833 86.4092 0.000903886 1.67483e-06 0.0592721 0.0159852 1.00375
6.68 119.092 0.00157945 4.7815e-05 0.583258 0.105946 0.3 0 0.000645777 100.27 3.43227 0.00123915 0.000159056 106.414 0 5.24959e-05 4.38331 86.4092 0.000903886 1.67483e-06 0.0592721 0.0159705 1.00375
6.7 119.092 0.00157945 4.7815e-05 0.583256 0.105946 0.3 0 0.000645777 100.27 3.44254 0.00124286 0.000159532 106.414 0 5.24958e-05 4.38331 86.4092 0.000903886 1.67483e-06 0.0592721 0.0159558 1.00375
6.72 119.092 0.00157945 4.7815e-05 0.583254 0.105946 0.3 0 0.000645777 100.27 3.45282 0.00124657 0.000160008 106.414 0 5.24958e-05 4.38331 86.4092 0.000903886 1.67483e-06 0.0592721 0.0159411 1.00375
6.74 119.092 0.00157945 4.7815e-05 0.583252 0.105946 0.3 0 0.000645777 100.27 3.4631 0.00125028 0.000160485 106.414 0 5.24958e-05 4.38331 86.4092 0.000903886 1.67483e-06 0.0592721 0.0159265 1.00375
6.76 119.092 0.00157945 4.7815e-05 0.583251 0.105946 0.3 0 0.000645777 100.27 3.47337 0.00125399 0.000160961 106.414 0 5.24958e-05 4.38331 86.4092 0.000903886 1.67483e-06 0.0592721 0.015912 1.00375
6.78 119.092 0.00157945 4.7815e-05 0.583249 0.105946 0.3 0 0.000645777 100.27 3.48365 0.0012577 0.000161437 106.414 0 5.24958e-05 4.38331 86.4092 0.000903886 1.67483e-06 0.0592721 0.0158975 1.00375
6.8 119.092 0.00157945 4.7815e-05 0.583247 0.105946 0.3 0 0.000645777 100.27 3.49393 0.00126141 0.000161913 106.414 0 5.24958e-05 4.38331 86.4092 0.000903886 1.67483e-06 0.0592721 0.015883 1.00375
6.82 119.092 0.00157945 4.7815e-05 0.583245 0.105946 0.3 0 0.000645777 100.27 3.5042 0.00126512 0.000162389 106.414 0 5.24957e-05 4.38331 86.4092 0.000903886 1.67483e-06 0.0592721 0.0158686 1.00375
6.84 119.092 0.00157945 4.7815e-05 0.583243 0.105946 0.3 0 0.000645777 100.27 3.51448 0.00126883 0.000162865 106.414 0 5.24957e-05 4.38331 86.4092 0.000903886 1.67483e-06 0.0592721 0.0158542 1.00375
6.86 119.092 0.00157945 4.78149e-05 0.583242 0.105946 0.3 0 0.000645777 100.27 3.52476 0.00127254 0.000163341 106.414 0 5.24957e-05 4.38331 86.4092 0.000903886 1.67483e-06 0.0592721 0.0158398 1.00375
6.88 119.092 0.00157945 4.78149e-05 0.58324 0.105946 0.3 0 0.000645777 100.27 3.53503 0.00127625 0.000163817 106.414 0 5.24957e-05 4.38331 86.4092 0.000903886 1.67483e-06 0.0592721 0.0158255 1.00375
6.9 119.092 0.00157945 4.78149e-05 0.583238 0.105946 0.3 0 0.000645777 100.27 3.54531 0.00127997 0.000164294 106.414 0 5.24957e-05 4.38331 86.4092 0.000903886 1.67483e-06 0.0592721 0.0158112 1.00375
6.92 119.092 0.00157945 4.78149e-05 0.583236 0.105946 0.3 0 0.000645777 100.27 3.55559 0.00128368 0.00016477 106.414 0 5.24957e-05 4.38331 86.4092 0.000903886 1.67483e-06 0.0592721 0.015797 1.00375
6.94 119.092 0.00157945 4.78149e-05 0.583234 0.105946 0.3 0 0.000645777 100.27 3.56587 0.00128739 0.000165246 106.414 0 5.24957e-05 4.38331 86.4092 0.000903886 1.67483e-06 0.0592721 0.0157828 1.00375
6.96 119.092 0.00157945 4.78149e-05 0.583233 0.105946 0.3 0 0.000645776 100.27 3.57614 0.0012911 0.000165722 106.414 0 5.24956e-05 4.38331 86.4092 0.000903886 1.67483e-06 0.0592721 0.0157686 1.00375
6.98 119.092 0.00157945 4.78149e-05 0.583231 0.105946 0.3 0 0.000645776 100.27 3.58642 0.00129481 0.000166198 106.414 0 5.24956e-05 4.38331 86.4092 0.000903886 1.67483e-06 0.0592721 0.0157545 1.00375

