Time(min) prod sp3 fsc2 qsc2 fsq1 fum suc qh psi fc2 OAAm Aspm Glu_i ATP
0.35 0.0150406 0.00128111 5.57081e-07 0.000168449 0.0192763 0.0880919 0.552148 0.914624 1.95886e-05 0 3.985e-08 4.38241e-05 2.83477 9.70103e-05
0.7 0.0245971 0.00128111 5.57081e-07 0.000168449 0.0192763 0.0688818 0.464088 0.914618 3.19631e-05 0 6.49256e-08 6.60956e-05 2.92158 0.000154909
1.05 0.053946 0.00128111 5.57081e-07 0.000168449 0.0192763 0.0370167 0.388262 0.914598 6.97593e-05 0 1.2334e-07 0.000111736 3.00445 0.000318405
1.4 3.90775 0.00128111 5.57081e-07 0.000168449 0.0192763 0.0165256 0.311982 0.912282 0.00459936 0 5.62505e-06 0.00378782 3.07692 0.00641668
1.75 0.00674063 0.00128111 5.57081e-07 0.000168449 0.0192763 0.0162827 0.832645 0.91463 8.88494e-06 0 2.2172e-08 7.37116e-06 1.61619 0.0118065
2.1 0.0090175 0.00128111 5.57081e-07 0.000168449 0.0192763 0.0275907 0.703247 0.914628 1.17708e-05 0 3.81616e-08 1.3928e-05 1.7761 7.77433e-05
2.45 0.0127436 0.00128111 5.57081e-07 0.000168449 0.0192763 0.0349818 0.593541 0.914626 1.65768e-05 0 5.68532e-08 2.22637e-05 1.92163 8.25981e-05
2.8 0.0195374 0.00128111 5.57081e-07 0.000168449 0.0192763 0.0379103 0.500451 0.914621 2.53655e-05 0 8.53148e-08 3.51484e-05 2.05575 0.00012446
3.15 0.0353492 0.00128111 5.57081e-07 0.000168449 0.0192763 0.0351344 0.421293 0.91461 4.61261e-05 0 1.42033e-07 6.03526e-05 2.18033 0.000218951
3.5 0.116423 0.00128111 5.57081e-07 0.000168449 0.0192763 0.0258811 0.35355 0.914557 0.000151179 0 3.74876e-07 0.00016033 2.29608 0.000627139
3.85 144.399 0.00128111 5.57081e-07 0.000168449 0.0192763 0.00676088 1.11938 0.697373 68.8409 0 0.00140084 0.152863 0.258603 0.997239
4.2 143.912 0.00128111 5.57081e-07 0.000168449 0.0192763 0.00676764 1.55237 0.56441 103.414 0 0.00328782 0.126814 0.0800469 0.998166
4.55 144.648 0.00128111 5.57081e-07 0.000168449 0.0192763 0.00827714 1.90945 0.607115 95.4253 0 0.00353419 0.129999 0.0779118 0.998013
4.9 145.136 0.00128111 5.57081e-07 0.000168449 0.0192763 0.00953428 2.23115 0.636542 88.1597 0 0.00372288 0.132198 0.0763927 0.99785
5.25 145.486 0.00128111 5.57081e-07 0.000168449 0.0192763 0.0106196 2.52869 0.658574 81.6258 0 0.00387648 0.133841 0.0752147 0.997678
5.6 145.754 0.00128111 5.57081e-07 0.000168449 0.0192763 0.0115783 2.80818 0.675944 75.72 0 0.00400631 0.135131 0.0742516 0.997497
5.95 145.962 0.00128111 5.57081e-07 0.000168449 0.0192763 0.0124401 3.07374 0.690146 70.336 0 0.00411901 0.136178 0.0734353 0.997306
6.3 146.129 0.00128111 5.57081e-07 0.000168449 0.0192763 0.0132241 3.32789 0.702061 65.3905 0 0.00421868 0.137049 0.0727258 0.997103
6.65 146.264 0.00128111 5.57081e-07 0.000168449 0.0192763 0.0139442 3.57252 0.712261 60.8157 0 0.00430808 0.137786 0.0720977 0.996886
7 146.374 0.00128111 5.57081e-07 0.000168449 0.0192763 0.0146108 3.80903 0.721135 56.5576 0 0.00438914 0.138419 0.0715339 0.996652
7.35 146.458 0.00128111 5.57081e-07 0.000168449 0.0192763 0.0152319 4.03852 0.728956 52.5722 0 0.00446327 0.138969 0.0710225 0.996399
7.7 146.53 0.00128111 5.57081e-07 0.000168449 0.0192763 0.0158134 4.26178 0.735926 48.8245 0 0.0045315 0.139451 0.0705552 0.996124
8.05 146.585 0.00128111 5.57081e-07 0.000168449 0.0192763 0.0163605 4.47958 0.742198 45.2833 0 0.00459465 0.139876 0.0701256 0.995822
8.4 146.627 0.00128111 5.57081e-07 0.000168449 0.0192763 0.0168771 4.69246 0.747889 41.9242 0 0.00465329 0.140253 0.0697293 0.995489
8.75 146.654 0.00128111 5.57081e-07 0.000168449 0.0192763 0.0173662 4.90089 0.753091 38.7254 0 0.00470787 0.140588 0.0693633 0.995118
9.1 146.667 0.00128111 5.57081e-07 0.000168449 0.0192763 0.0178305 5.10526 0.757881 35.668 0 0.00475872 0.140887 0.0690253 0.994702
9.45 146.666 0.00128111 5.57081e-07 0.000168449 0.0192763 0.0182721 5.30594 0.76232 32.7347 0 0.00480605 0.141153 0.0687143 0.99423
9.8 146.649 0.00128111 5.57081e-07 0.000168449 0.0192763 0.0186927 5.50319 0.766461 29.9096 0 0.00484999 0.141389 0.0684298 0.993688
10.15 146.614 0.00128111 5.57081e-07 0.000168449 0.0192763 0.0190935 5.69733 0.770353 27.1767 0 0.00489053 0.141597 0.0681726 0.993058
10.5 146.558 0.00128111 5.57081e-07 0.000168449 0.0192763 0.0194753 5.88859 0.774039 24.5197 0 0.00492754 0.141778 0.0679448 0.992312
10.85 146.475 0.00128111 5.57081e-07 0.000168449 0.0192763 0.0198385 6.07717 0.777563 21.9202 0 0.00496067 0.14193 0.0677505 0.991408
11.2 146.355 0.00128111 5.57081e-07 0.000168449 0.0192763 0.0201825 6.26329 0.780975 19.3545 0 0.00498923 0.14205 0.0675971 0.99028
11.55 146.179 0.00128111 5.57081e-07 0.000168449 0.0192763 0.0205056 6.44714 0.784341 16.7882 0 0.0050119 0.142132 0.0674986 0.988812
11.9 145.908 0.00128111 5.57081e-07 0.000168449 0.0192763 0.0208029 6.62896 0.787779 14.156 0 0.00502568 0.142154 0.0674853 0.986761
12.25 145.429 0.00128111 5.57081e-07 0.000168449 0.0192763 0.0210597 6.80902 0.791579 11.2898 0 0.00502215 0.14206 0.0676425 0.983459
12.6 0.000553767 0.00128111 5.57081e-07 0.000168449 0.0192763 0.00233291 6.48377 0.914634 7.74055e-07 0 1.86907e-09 5.28238e-07 0.483927 0.0658992
12.95 0.000665401 0.00128111 5.57081e-07 0.000168449 0.0192763 0.014632 5.48482 0.914634 8.63123e-07 0 2.92483e-09 1.51896e-06 0.889959 0.000108249
13.3 0.000793417 0.00128111 5.57081e-07 0.000168449 0.0192763 0.0263228 4.63957 0.914634 1.0321e-06 0 3.1204e-09 2.10066e-06 1.16054 5.44841e-06
13.65 0.000947994 0.00128111 5.57081e-07 0.000168449 0.0192763 0.037565 3.92437 0.914634 1.23718e-06 0 3.38354e-09 2.68415e-06 1.37778 6.33285e-06
14 0.00113963 0.00128111 5.57081e-07 0.000168449 0.0192763 0.0483469 3.31995 0.914633 1.48685e-06 0 3.7515e-09 3.34543e-06 1.56382 7.60765e-06
14.35 0.00137512 0.00128111 5.57081e-07 0.000168449 0.0192763 0.0586218 2.80777 0.914633 1.79357e-06 0 4.23913e-09 4.13062e-06 1.72908 9.17115e-06
14.7 0.00166592 0.00128111 5.57081e-07 0.000168449 0.0192763 0.0682955 2.37471 0.914633 2.17252e-06 0 4.87001e-09 5.08272e-06 1.87883 1.11034e-05
15.05 0.00202989 0.00128111 5.57081e-07 0.000168449 0.0192763 0.077257 2.00799 0.914633 2.64585e-06 0 5.68364e-09 6.25717e-06 2.01663 1.3508e-05
15.4 0.00248981 0.00128111 5.57081e-07 0.000168449 0.0192763 0.0853458 1.69758 0.914632 3.24415e-06 0 6.7394e-09 7.72686e-06 2.14475 1.65444e-05
15.75 0.0030806 0.00128111 5.57081e-07 0.000168449 0.0192763 0.0923499 1.43489 0.914632 4.01218e-06 0 8.12887e-09 9.59506e-06 2.26482 2.04317e-05
16.1 0.00385268 0.00128111 5.57081e-07 0.000168449 0.0192763 0.0979704 1.21281 0.914632 5.01531e-06 0 9.99144e-09 1.20075e-05 2.37798 2.54963e-05
16.45 0.00489224 0.00128111 5.57081e-07 0.000168449 0.0192763 0.101836 1.02455 0.914631 6.36482e-06 0 1.25685e-08 1.52076e-05 2.48526 3.22749e-05
16.8 0.00634019 0.00128111 5.57081e-07 0.000168449 0.0192763 0.103357 0.865117 0.91463 8.24288e-06 0 1.62658e-08 1.95755e-05 2.58733 4.16569e-05
17.15 0.00846301 0.00128111 5.57081e-07 0.000168449 0.0192763 0.101676 0.730039 0.914629 1.09904e-05 0 2.18457e-08 2.57863e-05 2.68473 5.52671e-05
17.5 0.0117984 0.00128111 5.57081e-07 0.000168449 0.0192763 0.0954358 0.615476 0.914626 1.5305e-05 0 3.08426e-08 3.51047e-05 2.7779 7.64235e-05
17.85 0.0176707 0.00128111 5.57081e-07 0.000168449 0.0192763 0.082367 0.518108 0.914622 2.30356e-05 0 4.70307e-08 5.04753e-05 2.86712 0.000113399
18.2 0.03106 0.00128111 5.57081e-07 0.000168449 0.0192763 0.0587173 0.434925 0.914613 4.04017e-05 0 8.04899e-08 7.89273e-05 2.95252 0.00019306
18.55 0.0892738 0.00128111 5.57081e-07 0.000168449 0.0192763 0.0243448 0.362624 0.914575 0.000115339 0 1.70711e-07 0.000146453 3.03379 0.00049418
18.9 0.00571466 0.00128111 5.57081e-07 0.000168449 0.0192763 0.00744178 0.921739 0.91463 2.33444e-05 0 1.11335e-08 3.44675e-06 1.51903 0.680405
19.25 0.00756906 0.00128111 5.57081e-07 0.000168449 0.0192763 0.0212949 0.778773 0.914629 9.82615e-06 0 2.85301e-08 9.83357e-06 1.68886 0.0011241
19.6 0.0103191 0.00128111 5.57081e-07 0.000168449 0.0192763 0.0311123 0.65762 0.914627 1.339e-05 0 4.49596e-08 1.68389e-05 1.84195 6.88733e-05
19.95 0.014996 0.00128111 5.57081e-07 0.000168449 0.0192763 0.0369005 0.554899 0.914624 1.93611e-05 0 6.65193e-08 2.65108e-05 1.98212 9.59814e-05
20.3 0.0242841 0.00128111 5.57081e-07 0.000168449 0.0192763 0.0378189 0.467631 0.914618 3.1188e-05 0 1.02647e-07 4.27103e-05 2.11187 0.000151562
20.65 0.0512046 0.00128111 5.57081e-07 0.000168449 0.0192763 0.0324438 0.393312 0.914601 6.4841e-05 0 1.88034e-07 8.00162e-05 2.23263 0.000299349
21 0.580671 0.00128111 5.57081e-07 0.000168449 0.0192763 0.0220935 0.328977 0.914306 0.000639433 0 1.40224e-06 0.000588958 2.34315 0.00189687
21.35 143.196 0.00128111 5.57081e-07 0.000168449 0.0192763 0.00567318 1.31121 0.526465 108.302 0 0.00309134 0.124004 0.0819044 0.998249
21.7 144.216 0.00128111 5.57081e-07 0.000168449 0.0192763 0.00740421 1.69931 0.583575 100.176 0 0.00339476 0.128241 0.0790962 0.998107
22.05 144.843 0.00128111 5.57081e-07 0.000168449 0.0192763 0.00880032 2.04049 0.619937 92.4511 0 0.00361429 0.130957 0.0772561 0.997949
22.4 145.273 0.00128111 5.57081e-07 0.000168449 0.0192763 0.00998222 2.35163 0.645972 85.4861 0 0.00378722 0.132902 0.0758936 0.997782
22.75 145.586 0.00128111 5.57081e-07 0.000168449 0.0192763 0.0110132 2.64147 0.665922 79.2135 0 0.00393039 0.134388 0.0748116 0.997607
23.1 145.834 0.00128111 5.57081e-07 0.000168449 0.0192763 0.0119305 2.91502 0.681898 73.5272 0 0.00405279 0.135571 0.0739129 0.997423
23.45 146.026 0.00128111 5.57081e-07 0.000168449 0.0192763 0.0127595 3.17578 0.695108 68.3262 0 0.00415993 0.136542 0.0731427 0.997227
23.8 146.181 0.00128111 5.57081e-07 0.000168449 0.0192763 0.0135167 3.42596 0.706287 63.535 0 0.00425524 0.137355 0.072468 0.997019
24.15 146.306 0.00128111 5.57081e-07 0.000168449 0.0192763 0.0142145 3.66723 0.715922 59.0917 0 0.00434113 0.138048 0.0718671 0.996795
24.5 146.408 0.00128111 5.57081e-07 0.000168449 0.0192763 0.0148622 3.90084 0.72435 54.9465 0 0.0044193 0.138646 0.0713253 0.996554
24.85 146.49 0.00128111 5.57081e-07 0.000168449 0.0192763 0.0154669 4.12774 0.731812 51.0596 0 0.00449098 0.139168 0.0708323 0.996293
25.2 146.555 0.00128111 5.57081e-07 0.000168449 0.0192763 0.0160343 4.34879 0.73849 47.3967 0 0.00455712 0.139626 0.0703805 0.996007
25.55 146.604 0.00128111 5.57081e-07 0.000168449 0.0192763 0.0165689 4.56457 0.744519 43.9305 0 0.00461842 0.140031 0.0699646 0.995694
25.9 146.64 0.00128111 5.57081e-07 0.000168449 0.0192763 0.0170742 4.77563 0.750006 40.6375 0 0.0046754 0.14039 0.0695807 0.995347
26.25 146.661 0.00128111 5.57081e-07 0.000168449 0.0192763 0.0175532 4.98241 0.755036 37.4969 0 0.00472847 0.14071 0.069226 0.994959
26.6 146.668 0.00128111 5.57081e-07 0.000168449 0.0192763 0.0180083 5.18528 0.75968 34.4907 0 0.0047779 0.140996 0.0688988 0.994522
26.95 146.661 0.00128111 5.57081e-07 0.000168449 0.0192763 0.0184414 5.38457 0.763995 31.602 0 0.00482388 0.14125 0.0685982 0.994024
27.3 146.637 0.00128111 5.57081e-07 0.000168449 0.0192763 0.018854 5.58055 0.768032 28.8155 0 0.00486648 0.141475 0.0683244 0.99345
27.65 146.594 0.00128111 5.57081e-07 0.000168449 0.0192763 0.0192472 5.77352 0.771837 26.1147 0 0.00490565 0.141672 0.0680785 0.992778
28 146.527 0.00128111 5.57081e-07 0.000168449 0.0192763 0.0196216 5.96369 0.775453 23.483 0 0.00494118 0.141842 0.0678634 0.991975
28.35 146.43 0.00128111 5.57081e-07 0.000168449 0.0192763 0.0199773 6.15127 0.778926 20.9001 0 0.0049726 0.141982 0.0676842 0.990992
28.7 146.289 0.00128111 5.57081e-07 0.000168449 0.0192763 0.0203133 6.33647 0.782311 18.3393 0 0.00499904 0.142088 0.0675504 0.989748
29.05 146.081 0.00128111 5.57081e-07 0.000168449 0.0192763 0.020627 6.51948 0.785687 15.7573 0 0.00501867 0.142149 0.0674806 0.988089
29.4 145.747 0.00128111 5.57081e-07 0.000168449 0.0192763 0.0209112 6.70057 0.789212 13.0653 0 0.00502728 0.142137 0.0675179 0.985673
29.75 144.996 0.00128111 5.57081e-07 0.000168449 0.0192763 0.0211339 6.88004 0.793576 9.91598 0 0.00500543 0.141881 0.0678384 0.981232
30.1 0.000597157 0.00128111 5.57081e-07 0.000168449 0.0192763 0.00732881 6.06639 0.914634 7.79565e-07 0 2.69102e-09 1.06304e-06 0.675514 0.00507302
30.45 0.000710632 0.00128111 5.57081e-07 0.000168449 0.0192763 0.0193368 5.13166 0.914634 9.26449e-07 0 3.00036e-09 1.75902e-06 1.00652 1.27308e-05
30.8 0.000850924 0.00128111 5.57081e-07 0.000168449 0.0192763 0.0308437 4.34116 0.914634 1.10881e-06 0 3.2128e-09 2.3264e-06 1.25149 5.69144e-06
31.15 0.00102131 0.00128111 5.57081e-07 0.000168449 0.0192763 0.0419068 3.6724 0.914633 1.3303e-06 0 3.51667e-09 2.93462e-06 1.45455 6.80815e-06
31.5 0.00122971 0.00128111 5.57081e-07 0.000168449 0.0192763 0.052498 3.10599 0.914633 1.60124e-06 0 3.9302e-09 3.64056e-06 1.6316 8.1906e-06
31.85 0.00148588 0.00128111 5.57081e-07 0.000168449 0.0192763 0.0625426 2.62731 0.914633 1.93414e-06 0 4.47058e-09 4.48555e-06 1.79009 9.888e-06
32.2 0.00180433 0.00128111 5.57081e-07 0.000168449 0.0192763 0.0719523 2.22167 0.914633 2.34778e-06 0 5.16877e-09 5.51912e-06 1.93482 1.19928e-05
32.55 0.00220392 0.00128111 5.57081e-07 0.000168449 0.0192763 0.080589 1.87841 0.914633 2.86653e-06 0 6.07018e-09 6.80098e-06 2.06855 1.46288e-05
32.9 0.00271208 0.00128111 5.57081e-07 0.000168449 0.0192763 0.0882756 1.58792 0.914632 3.52581e-06 0 7.24502e-09 8.41418e-06 2.1933 1.79716e-05
33.25 0.00336846 0.00128111 5.57081e-07 0.000168449 0.0192763 0.0947656 1.34238 0.914632 4.37669e-06 0 8.80015e-09 1.04751e-05 2.31046 2.22741e-05
33.6 0.00423756 0.00128111 5.57081e-07 0.000168449 0.0192763 0.0997528 1.13423 0.914631 5.50225e-06 0 1.09127e-08 1.31683e-05 2.42123 2.79448e-05
33.95 0.00542157 0.00128111 5.57081e-07 0.000168449 0.0192763 0.102768 0.958008 0.914631 7.03367e-06 0 1.38721e-08 1.67748e-05 2.52636 3.56232e-05
34.3 0.0071016 0.00128111 5.57081e-07 0.000168449 0.0192763 0.103141 0.808754 0.914629 9.20329e-06 0 1.8197e-08 2.17711e-05 2.62652 4.6428e-05
34.65 0.00962611 0.00128111 5.57081e-07 0.000168449 0.0192763 0.0998131 0.682408 0.914628 1.24547e-05 0 2.48793e-08 2.90066e-05 2.72216 6.24871e-05
35 0.0137914 0.00128111 5.57081e-07 0.000168449 0.0192763 0.0912129 0.575032 0.914625 1.77979e-05 0 3.60882e-08 4.02461e-05 2.81374 8.842e-05
35.35 0.0218117 0.00128111 5.57081e-07 0.000168449 0.0192763 0.0744964 0.483635 0.91462 2.80168e-05 0 5.7176e-08 5.94668e-05 2.90145 0.000136787
35.7 0.0435473 0.00128111 5.57081e-07 0.000168449 0.0192763 0.0455908 0.405225 0.914606 5.51991e-05 0 1.04127e-07 9.73734e-05 2.98529 0.000257667
36.05 0.284885 0.00128111 5.57081e-07 0.000168449 0.0192763 0.0165657 0.335132 0.914458 0.000343086 0 4.12838e-07 0.00032814 3.06418 0.00117228
36.4 0.00635737 0.00128111 5.57081e-07 0.000168449 0.0192763 0.0132356 0.864516 0.91463 8.71617e-06 0 1.83208e-08 5.93316e-06 1.58213 0.0532741
36.75 0.00848637 0.00128111 5.57081e-07 0.000168449 0.0192763 0.0254533 0.730265 0.914629 1.09849e-05 0 3.45653e-08 1.23582e-05 1.74541 0.000139528
37.1 0.0118494 0.00128111 5.57081e-07 0.000168449 0.0192763 0.0337635 0.616455 0.914626 1.52743e-05 0 5.21921e-08 2.01116e-05 1.89354 7.63824e-05
37.45 0.0177978 0.00128111 5.57081e-07 0.000168449 0.0192763 0.037803 0.519909 0.914622 2.28371e-05 0 7.76545e-08 3.16136e-05 2.02977 0.000112524
37.8 0.0309649 0.00128111 5.57081e-07 0.000168449 0.0192763 0.0364539 0.437866 0.914614 3.94048e-05 0 1.24949e-07 5.27083e-05 2.15616 0.000188962
38.15 0.0835439 0.00128111 5.57081e-07 0.000168449 0.0192763 0.0284944 0.367826 0.914582 0.00010256 0 2.71873e-07 0.000116189 2.27379 0.000450015
38.5 141.812 0.00128111 5.57081e-07 0.000168449 0.0192763 0.0114241 0.881552 0.784059 20.8992 0 0.000555051 0.165977 1.13765 0.990979
38.85 143.681 0.00128111 5.57081e-07 0.000168449 0.0192763 0.00638381 1.46617 0.551894 105.244 0 0.00322085 0.125884 0.0806631 0.998198
39.2 144.505 0.00128111 5.57081e-07 0.000168449 0.0192763 0.00796721 1.83365 0.599085 97.146 0 0.00348556 0.129399 0.0783183 0.998048
39.55 145.037 0.00128111 5.57081e-07 0.000168449 0.0192763 0.00927167 2.16199 0.630773 89.7091 0 0.0036845 0.131767 0.0766947 0.997887
39.9 145.414 0.00128111 5.57081e-07 0.000168449 0.0192763 0.0103904 2.46424 0.654147 83.0206 0 0.00384467 0.133512 0.0754549 0.997717
40.25 145.697 0.00128111 5.57081e-07 0.000168449 0.0192763 0.0113743 2.74733 0.672395 76.9852 0 0.00397909 0.134868 0.0744513 0.997538
40.6 145.918 0.00128111 5.57081e-07 0.000168449 0.0192763 0.0122558 3.01574 0.68721 71.4927 0 0.0040952 0.135962 0.0736064 0.99735
40.95 146.093 0.00128111 5.57081e-07 0.000168449 0.0192763 0.0130557 3.27225 0.699576 66.4561 0 0.00419749 0.136868 0.0728758 0.997149
41.3 146.235 0.00128111 5.57081e-07 0.000168449 0.0192763 0.013789 3.51886 0.710119 61.804 0 0.00428897 0.137632 0.0722313 0.996935
41.65 146.35 0.00128111 5.57081e-07 0.000168449 0.0192763 0.0144668 3.75708 0.719261 57.4796 0 0.00437175 0.138286 0.0716544 0.996705
42 146.443 0.00128111 5.57081e-07 0.000168449 0.0192763 0.0150974 3.98804 0.727297 53.4369 0 0.00444732 0.138853 0.0711322 0.996457
42.35 146.518 0.00128111 5.57081e-07 0.000168449 0.0192763 0.0156872 4.21261 0.734441 49.6392 0 0.00451679 0.139349 0.0706557 0.996187
42.7 146.577 0.00128111 5.57081e-07 0.000168449 0.0192763 0.0162416 4.43159 0.740857 46.0543 0 0.00458101 0.139786 0.0702181 0.995892
43.05 146.62 0.00128111 5.57081e-07 0.000168449 0.0192763 0.0167647 4.64552 0.746668 42.6567 0 0.00464061 0.140173 0.0698147 0.995566
43.4 146.65 0.00128111 5.57081e-07 0.000168449 0.0192763 0.0172596 4.8549 0.751972 39.424 0 0.00469606 0.140517 0.0694422 0.995204
43.75 146.666 0.00128111 5.57081e-07 0.000168449 0.0192763 0.0177293 5.06014 0.756848 36.3366 0 0.00474772 0.140823 0.0690982 0.994799
44.1 146.667 0.00128111 5.57081e-07 0.000168449 0.0192763 0.0181758 5.26161 0.76136 33.3771 0 0.00479582 0.141096 0.0687811 0.99434
44.45 146.653 0.00128111 5.57081e-07 0.000168449 0.0192763 0.0186009 5.4596 0.765563 30.5294 0 0.00484051 0.141339 0.0684907 0.993816
44.8 146.624 0.00128111 5.57081e-07 0.000168449 0.0192763 0.019006 5.65442 0.769507 27.7773 0 0.00488181 0.141553 0.0682273 0.993207
45.15 146.574 0.00128111 5.57081e-07 0.000168449 0.0192763 0.019392 5.84629 0.773235 25.1049 0 0.00491963 0.14174 0.0679927 0.99249
45.5 146.497 0.00128111 5.57081e-07 0.000168449 0.0192763 0.0197593 6.03545 0.77679 22.4944 0 0.00495367 0.141899 0.0677905 0.991625
45.85 146.387 0.00128111 5.57081e-07 0.000168449 0.0192763 0.0201077 6.2221 0.780223 19.9237 0 0.00498333 0.142027 0.0676271 0.990555
46.2 146.226 0.00128111 5.57081e-07 0.000168449 0.0192763 0.0204357 6.40643 0.783592 17.3614 0 0.00500746 0.142118 0.0675148 0.989177
46.55 145.983 0.00128111 5.57081e-07 0.000168449 0.0192763 0.0207395 6.58869 0.786999 14.7525 0 0.00502364 0.142156 0.0674783 0.987289
46.9 145.574 0.00128111 5.57081e-07 0.000168449 0.0192763 0.021008 6.76911 0.790665 11.9685 0 0.00502553 0.142099 0.067582 0.984382
47.25 0.000532656 0.00128111 5.57081e-07 0.000168449 0.0192763 6.70772e-05 6.73439 0.914634 9.68302e-07 0 5.79391e-08 1.12313e-05 0.328469 0.282438
47.6 0.000636253 0.00128111 5.57081e-07 0.000168449 0.0192763 0.011915 5.69699 0.914634 8.2932e-07 0 2.86808e-09 1.36714e-06 0.816137 0.000452924
47.95 0.000760501 0.00128111 5.57081e-07 0.000168449 0.0192763 0.0237164 4.8191 0.914634 9.90875e-07 0 3.06913e-09 1.97319e-06 1.10529 5.77523e-06
48.3 0.000914518 0.00128111 5.57081e-07 0.000168449 0.0192763 0.0350583 4.07627 0.914634 1.18708e-06 0 3.31465e-09 2.54674e-06 1.33187 6.0778e-06
48.65 0.00109899 0.00128111 5.57081e-07 0.000168449 0.0192763 0.0459511 3.44774 0.914633 1.426e-06 0 3.65836e-09 3.18681e-06 1.52397 7.2966e-06
49 0.00132478 0.00128111 5.57081e-07 0.000168449 0.0192763 0.0563435 2.91655 0.914633 1.71829e-06 0 4.11678e-09 3.93953e-06 1.69323 8.78822e-06
49.35 0.00160394 0.00128111 5.57081e-07 0.000168449 0.0192763 0.0661655 2.46643 0.914633 2.07945e-06 0 4.71279e-09 4.85008e-06 1.84618 1.06274e-05
49.7 0.00195192 0.00128111 5.57081e-07 0.000168449 0.0192763 0.0753016 2.08553 0.914633 2.52932e-06 0 5.48114e-09 5.96916e-06 1.98647 1.29159e-05
50.05 0.00239008 0.00128111 5.57081e-07 0.000168449 0.0192763 0.0835977 1.7636 0.914633 3.09529e-06 0 6.47416e-09 7.36245e-06 2.11655 1.57897e-05
50.4 0.00295144 0.00128111 5.57081e-07 0.000168449 0.0192763 0.0908702 1.49076 0.914632 3.81966e-06 0 7.77716e-09 9.12844e-06 2.23831 1.94589e-05
50.75 0.00368355 0.00128111 5.57081e-07 0.000168449 0.0192763 0.0968446 1.25983 0.914632 4.76308e-06 0 9.51807e-09 1.14038e-05 2.35298 2.42233e-05
51.1 0.00466102 0.00128111 5.57081e-07 0.000168449 0.0192763 0.101151 1.06435 0.914631 6.02178e-06 0 1.19058e-08 1.43993e-05 2.46153 3.05565e-05
51.45 0.00600774 0.00128111 5.57081e-07 0.000168449 0.0192763 0.103265 0.898832 0.91463 7.75313e-06 0 1.52911e-08 1.84463e-05 2.56472 3.92419e-05
51.8 0.00797144 0.00128111 5.57081e-07 0.000168449 0.0192763 0.102376 0.758784 0.914629 1.02628e-05 0 2.03532e-08 2.4161e-05 2.6631 5.16808e-05
52.15 0.0110114 0.00128111 5.57081e-07 0.000168449 0.0192763 0.0973293 0.639871 0.914627 1.41357e-05 0 2.83879e-08 3.26319e-05 2.7572 7.06851e-05
52.5 0.0162886 0.00128111 5.57081e-07 0.000168449 0.0192763 0.0860819 0.53887 0.914623 2.08111e-05 0 4.24059e-08 4.62265e-05 2.84729 0.000102816
52.85 0.0274672 0.00128111 5.57081e-07 0.000168449 0.0192763 0.0652307 0.452725 0.914616 3.48484e-05 0 7.0417e-08 7.07148e-05 2.93356 0.000168039
53.2 0.0651793 0.00128111 5.57081e-07 0.000168449 0.0192763 0.0319106 0.378333 0.914592 8.24105e-05 0 1.37787e-07 0.000122341 3.01584 0.000369327
53.55 130.435 0.00128111 5.57081e-07 0.000168449 0.0192763 0.019374 0.733647 0.76571 45.4313 0 0.00045956 0.188212 2.2395 0.996093
53.9 0.00701291 0.00128111 5.57081e-07 0.000168449 0.0192763 0.0181402 0.812912 0.914629 9.17613e-06 0 2.45086e-08 8.26978e-06 1.64037 0.00476362
54.25 0.00945771 0.00128111 5.57081e-07 0.000168449 0.0192763 0.0288929 0.68652 0.914628 1.23151e-05 0 4.05248e-08 1.49569e-05 1.79796 6.91705e-05
54.6 0.0134556 0.00128111 5.57081e-07 0.000168449 0.0192763 0.0357022 0.579355 0.914625 1.75009e-05 0 6.0088e-08 2.37254e-05 1.94169 8.70453e-05
54.95 0.0209685 0.00128111 5.57081e-07 0.000168449 0.0192763 0.0379104 0.488402 0.91462 2.72226e-05 0 9.0846e-08 3.76345e-05 2.07433 0.000133191
55.3 0.0399045 0.00128111 5.57081e-07 0.000168449 0.0192763 0.0342019 0.411024 0.914608 5.15904e-05 0 1.55662e-07 6.62961e-05 2.19764 0.000243034
55.65 0.168148 0.00128111 5.57081e-07 0.000168449 0.0192763 0.0243179 0.344645 0.914525 0.000212663 0 5.0411e-07 0.000215057 2.31194 0.000829625
56 142.824 0.00128111 5.57081e-07 0.000168449 0.0192763 0.00530147 1.20079 0.516594 109.395 0 0.00292977 0.122759 0.0851917 0.998266
56.35 144.039 0.00128111 5.57081e-07 0.000168449 0.0192763 0.00700366 1.60625 0.571735 102.241 0 0.00332804 0.127359 0.0796848 0.998145
56.7 144.729 0.00128111 5.57081e-07 0.000168449 0.0192763 0.00846984 1.95725 0.611941 94.3393 0 0.00356397 0.130359 0.077666 0.99799
57.05 145.192 0.00128111 5.57081e-07 0.000168449 0.0192763 0.00969861 2.27498 0.640059 87.1832 0 0.00374664 0.132461 0.0762074 0.997825
57.4 145.526 0.00128111 5.57081e-07 0.000168449 0.0192763 0.0107636 2.56964 0.6613 80.7458 0 0.00389631 0.134044 0.0750658 0.997653
57.75 145.786 0.00128111 5.57081e-07 0.000168449 0.0192763 0.0117069 2.84692 0.678143 74.9207 0 0.00402335 0.135294 0.0741271 0.99747
58.1 145.988 0.00128111 5.57081e-07 0.000168449 0.0192763 0.0125565 3.11071 0.691973 69.604 0 0.00413398 0.136312 0.073328 0.997278
58.45 146.15 0.00128111 5.57081e-07 0.000168449 0.0192763 0.0133306 3.3634 0.703613 64.7153 0 0.00423203 0.137161 0.0726315 0.997073
58.8 146.281 0.00128111 5.57081e-07 0.000168449 0.0192763 0.0140425 3.60679 0.713603 60.1889 0 0.00432013 0.137882 0.0720135 0.996853
59.15 146.388 0.00128111 5.57081e-07 0.000168449 0.0192763 0.0147022 3.84224 0.722312 55.9722 0 0.00440013 0.138503 0.0714578 0.996617
59.5 146.474 0.00128111 5.57081e-07 0.000168449 0.0192763 0.0153173 4.07079 0.730001 52.0227 0 0.00447336 0.139042 0.0709532 0.996361
59.85 146.538 0.00128111 5.57081e-07 0.000168449 0.0192763 0.0158936 4.29323 0.736862 48.3063 0 0.00454083 0.139515 0.0704916 0.996082
60.2 146.592 0.00128111 5.57081e-07 0.000168449 0.0192763 0.0164362 4.5103 0.743045 44.7926 0 0.00460329 0.139932 0.070067 0.995776
60.55 146.631 0.00128111 5.57081e-07 0.000168449 0.0192763 0.0169486 4.72251 0.74866 41.4577 0 0.00466133 0.140303 0.0696752 0.995438
60.9 146.656 0.00128111 5.57081e-07 0.000168449 0.0192763 0.017434 4.93034 0.753799 38.2802 0 0.00471536 0.140633 0.0693133 0.995061
61.25 146.668 0.00128111 5.57081e-07 0.000168449 0.0192763 0.017895 5.13416 0.758535 35.2415 0 0.00476569 0.140927 0.0689793 0.994638
61.6 146.664 0.00128111 5.57081e-07 0.000168449 0.0192763 0.0183335 5.33433 0.762929 32.3246 0 0.00481254 0.141188 0.068672 0.994157
61.95 146.645 0.00128111 5.57081e-07 0.000168449 0.0192763 0.0187512 5.53113 0.767032 29.5137 0 0.00485599 0.14142 0.0683913 0.993604
62.3 146.608 0.00128111 5.57081e-07 0.000168449 0.0192763 0.0191492 5.72484 0.770891 26.7927 0 0.00489605 0.141625 0.0681381 0.992959
62.65 146.548 0.00128111 5.57081e-07 0.000168449 0.0192763 0.0195284 5.9157 0.774551 24.1451 0 0.00493253 0.141801 0.0679148 0.992193
63 146.46 0.00128111 5.57081e-07 0.000168449 0.0192763 0.0198889 6.10391 0.778056 21.552 0 0.00496506 0.141949 0.0677258 0.991263
63.35 146.333 0.00128111 5.57081e-07 0.000168449 0.0192763 0.02023 6.2897 0.781457 18.9887 0 0.00499287 0.142065 0.0675793 0.990095
63.7 146.147 0.00128111 5.57081e-07 0.000168449 0.0192763 0.0205498 6.47324 0.784825 16.4179 0 0.00501449 0.142139 0.0674906 0.988563
64.05 145.857 0.00128111 5.57081e-07 0.000168449 0.0192763 0.0208427 6.6548 0.788288 13.7675 0 0.00502659 0.14215 0.0674938 0.986393
64.4 145.365 0.00128111 5.57081e-07 0.000168449 0.0192763 0.0210921 6.83463 0.792163 10.8506 0 0.00501981 0.142037 0.0676851 0.982803
64.75 0.000568738 0.00128111 5.57081e-07 0.000168449 0.0192763 0.00415906 6.32997 0.914634 7.61434e-07 0 2.34536e-09 7.69037e-07 0.560636 0.0260914
65.1 0.000678601 0.00128111 5.57081e-07 0.000168449 0.0192763 0.0163386 5.35469 0.914634 8.85397e-07 0 2.9548e-09 1.60736e-06 0.933712 4.55539e-05
65.45 0.00081872 0.00128111 5.57081e-07 0.000168449 0.0192763 0.0279622 4.52946 0.914634 1.05913e-06 0 3.15125e-09 2.18149e-06 1.19422 5.49045e-06
65.8 0.000982161 0.00128111 5.57081e-07 0.000168449 0.0192763 0.0391409 3.83121 0.914633 1.27005e-06 0 3.43081e-09 2.77333e-06 1.40607 6.50058e-06
66.15 0.00118156 0.00128111 5.57081e-07 0.000168449 0.0192763 0.0498553 3.2408 0.914633 1.52721e-06 0 3.81391e-09 3.4499e-06 1.58871 7.81307e-06
66.5 0.00142649 0.00128111 5.57081e-07 0.000168449 0.0192763 0.0600485 2.74098 0.914633 1.84319e-06 0 4.32004e-09 4.25599e-06 1.75144 9.42501e-06
66.85 0.00172913 0.00128111 5.57081e-07 0.000168449 0.0192763 0.0696193 2.31912 0.914633 2.23305e-06 0 4.97275e-09 5.23372e-06 1.89911 1.14115e-05
67.2 0.00208438 0.00128111 5.57081e-07 0.000168449 0.0192763 0.0784658 1.96113 0.914633 2.72162e-06 0 5.81592e-09 6.44417e-06 2.03538 1.3893e-05
67.55 0.00255927 0.00128111 5.57081e-07 0.000168449 0.0192763 0.0864162 1.65793 0.914632 3.34066e-06 0 6.91219e-09 7.96275e-06 2.16227 1.70336e-05
67.9 0.00317042 0.00128111 5.57081e-07 0.000168449 0.0192763 0.0932467 1.40132 0.914632 4.13701e-06 0 8.35799e-09 9.89694e-06 2.28129 2.10634e-05
68.25 0.00397246 0.00128111 5.57081e-07 0.000168449 0.0192763 0.0986473 1.18432 0.914631 5.18157e-06 0 1.0305e-08 1.24047e-05 2.39357 2.63382e-05
68.6 0.00505597 0.00128111 5.57081e-07 0.000168449 0.0192763 0.102221 1.00044 0.914631 6.59196e-06 0 1.30097e-08 1.57412e-05 2.50007 3.34129e-05
68.95 0.0065741 0.00128111 5.57081e-07 0.000168449 0.0192763 0.103351 0.844697 0.91463 8.56666e-06 0 1.69146e-08 2.03186e-05 2.60145 4.32677e-05
69.3 0.00882379 0.00128111 5.57081e-07 0.000168449 0.0192763 0.101125 0.71273 0.914628 1.14867e-05 0 2.28699e-08 2.68865e-05 2.69822 5.76906e-05
69.65 0.0124215 0.00128111 5.57081e-07 0.000168449 0.0192763 0.0940833 0.600781 0.914626 1.61511e-05 0 3.26206e-08 3.68753e-05 2.79082 8.04435e-05
70 0.018976 0.00128111 5.57081e-07 0.000168449 0.0192763 0.0797715 0.505622 0.914622 2.46278e-05 0 5.03119e-08 5.34253e-05 2.87949 0.000120865
70.35 0.0358114 0.00128111 5.57081e-07 0.000168449 0.0192763 0.0542801 0.424213 0.914611 4.47303e-05 0 8.78816e-08 8.47986e-05 2.96433 0.000212257
70.7 0.116607 0.00128111 5.57081e-07 0.000168449 0.0192763 0.020583 0.353009 0.914556 0.00015195 0 2.06182e-07 0.000172848 3.0449 0.000622159
71.05 0.00595226 0.00128111 5.57081e-07 0.000168449 0.0192763 0.00952791 0.901551 0.91463 1.06772e-05 0 1.36204e-08 4.27963e-06 1.54046 0.276922
71.4 0.00784337 0.00128111 5.57081e-07 0.000168449 0.0192763 0.0227931 0.761658 0.914629 1.02103e-05 0 3.06161e-08 1.0696e-05 1.70802 0.000486733
71.75 0.0109305 0.00128111 5.57081e-07 0.000168449 0.0192763 0.0320881 0.643092 0.914627 1.39957e-05 0 4.73631e-08 1.79286e-05 1.8594 7.06804e-05
72.1 0.0160668 0.00128111 5.57081e-07 0.000168449 0.0192763 0.037287 0.542518 0.914624 2.0462e-05 0 7.01097e-08 2.81713e-05 1.99825 0.000101247
72.45 0.0257816 0.00128111 5.57081e-07 0.000168449 0.0192763 0.037436 0.457102 0.914617 3.36511e-05 0 1.0946e-07 4.57997e-05 2.12685 0.000162942
72.8 0.0587949 0.00128111 5.57081e-07 0.000168449 0.0192763 0.0311466 0.384308 0.914596 7.45183e-05 0 2.10039e-07 8.96003e-05 2.24657 0.000339241
73.15 2.51246 0.00128111 5.57081e-07 0.000168449 0.0192763 0.0212025 0.320187 0.913071 0.00305531 0 6.35887e-06 0.00260741 2.35234 0.00531074
73.5 143.394 0.00128111 5.57081e-07 0.000168449 0.0192763 0.00593035 1.36659 0.536042 107.253 0 0.00313907 0.12471 0.081439 0.998232
73.85 144.338 0.00128111 5.57081e-07 0.000168449 0.0192763 0.00760589 1.74694 0.589275 99.1062 0 0.00342766 0.128666 0.0788113 0.998087
74.2 144.923 0.00128111 5.57081e-07 0.000168449 0.0192763 0.00896826 2.0834 0.623872 91.4803 0 0.00363951 0.131251 0.0770531 0.997927
74.55 145.331 0.00128111 5.57081e-07 0.000168449 0.0192763 0.0101272 2.39131 0.648919 84.6136 0 0.00380774 0.133122 0.0757362 0.99776
74.9 145.634 0.00128111 5.57081e-07 0.000168449 0.0192763 0.0111412 2.67874 0.668246 78.4252 0 0.00394774 0.13456 0.0746828 0.997583
75.25 145.867 0.00128111 5.57081e-07 0.000168449 0.0192763 0.0120458 2.9505 0.683801 72.8068 0 0.00406789 0.135711 0.0738036 0.997397
75.6 146.053 0.00128111 5.57081e-07 0.000168449 0.0192763 0.0128641 3.20967 0.696702 67.6659 0 0.00417324 0.136658 0.0730479 0.9972
75.95 146.203 0.00128111 5.57081e-07 0.000168449 0.0192763 0.0136128 3.45858 0.707651 62.9243 0 0.00426718 0.137454 0.0723841 0.99699
76.3 146.324 0.00128111 5.57081e-07 0.000168449 0.0192763 0.0143035 3.69876 0.717108 58.5233 0 0.00435196 0.138133 0.0717918 0.996764
76.65 146.422 0.00128111 5.57081e-07 0.000168449 0.0192763 0.0149451 3.93143 0.725396 54.4146 0 0.0044292 0.13872 0.071257 0.996521
77 146.501 0.00128111 5.57081e-07 0.000168449 0.0192763 0.0155446 4.15754 0.732745 50.5589 0 0.0045001 0.139232 0.0707698 0.996256
77.35 146.564 0.00128111 5.57081e-07 0.000168449 0.0192763 0.0161074 4.37785 0.739329 46.9237 0 0.00456556 0.139683 0.0703231 0.995967
77.7 146.611 0.00128111 5.57081e-07 0.000168449 0.0192763 0.0166378 4.59295 0.745279 43.4824 0 0.00462625 0.140081 0.0699117 0.99565
78.05 146.644 0.00128111 5.57081e-07 0.000168449 0.0192763 0.0171394 4.80342 0.750701 40.2107 0 0.00468269 0.140435 0.0695318 0.995297
78.4 146.663 0.00128111 5.57081e-07 0.000168449 0.0192763 0.0176151 5.00965 0.755676 37.0891 0 0.00473526 0.14075 0.0691808 0.994904
78.75 146.668 0.00128111 5.57081e-07 0.000168449 0.0192763 0.0180672 5.21203 0.760273 34.0994 0 0.00478422 0.141031 0.0688572 0.994459
79.1 146.658 0.00128111 5.57081e-07 0.000168449 0.0192763 0.0184975 5.41086 0.764548 31.2253 0 0.00482975 0.141282 0.0685602 0.993953
79.45 146.633 0.00128111 5.57081e-07 0.000168449 0.0192763 0.0189075 5.60645 0.768552 28.4509 0 0.0048719 0.141503 0.06829 0.993367
79.8 146.588 0.00128111 5.57081e-07 0.000168449 0.0192763 0.0192981 5.79901 0.772329 25.7606 0 0.0049106 0.141696 0.068048 0.992679
80.15 146.519 0.00128111 5.57081e-07 0.000168449 0.0192763 0.0196701 5.98882 0.775923 23.1366 0 0.00494561 0.141862 0.0678373 0.991856
80.5 146.418 0.00128111 5.57081e-07 0.000168449 0.0192763 0.0200232 6.17607 0.779381 20.5584 0 0.00497644 0.141998 0.0676634 0.990844
80.85 146.272 0.00128111 5.57081e-07 0.000168449 0.0192763 0.0203565 6.36097 0.782759 17.9977 0 0.0050021 0.142099 0.0675368 0.989556
81.2 146.056 0.00128111 5.57081e-07 0.000168449 0.0192763 0.0206669 6.54373 0.786143 15.4078 0 0.0050206 0.142153 0.0674779 0.987823
81.55 145.7 0.00128111 5.57081e-07 0.000168449 0.0192763 0.020946 6.72456 0.789709 12.6887 0 0.00502711 0.142127 0.0675359 0.985254
81.9 147.783 0.00128111 5.57081e-07 0.000168449 0.0192763 0.0212297 6.90382 0.791279 10.0308 0 0.0050663 0.142949 0.0676375 0.981167
82.25 0.000604469 0.00128111 5.57081e-07 0.000168449 0.0192763 0.00854315 5.9723 0.914634 7.90665e-07 0 2.75361e-09 1.1523e-06 0.715091 0.00269561
82.6 0.00072357 0.00128111 5.57081e-07 0.000168449 0.0192763 0.0204935 5.05205 0.914634 9.42049e-07 0 3.01583e-09 1.814e-06 1.03335 9.07424e-06
82.95 0.000872636 0.00128111 5.57081e-07 0.000168449 0.0192763 0.0319591 4.27338 0.914634 1.12782e-06 0 3.23508e-09 2.38145e-06 1.27317 5.78041e-06
83.3 0.00104786 0.00128111 5.57081e-07 0.000168449 0.0192763 0.0429808 3.61452 0.914633 1.35371e-06 0 3.54916e-09 2.99719e-06 1.47329 6.9276e-06
83.65 0.00124841 0.00128111 5.57081e-07 0.000168449 0.0192763 0.0535234 3.05702 0.914633 1.62994e-06 0 3.97461e-09 3.71471e-06 1.64821 8.33696e-06
84 0.001509 0.00128111 5.57081e-07 0.000168449 0.0192763 0.0635121 2.58587 0.914633 1.96959e-06 0 4.52788e-09 4.57507e-06 1.80514 1.0068e-05
84.35 0.00183318 0.00128111 5.57081e-07 0.000168449 0.0192763 0.0728542 2.18661 0.914633 2.392e-06 0 5.24307e-09 5.62931e-06 1.94865 1.22177e-05
84.7 0.00224035 0.00128111 5.57081e-07 0.000168449 0.0192763 0.0814086 1.84874 0.914633 2.92235e-06 0 6.16672e-09 6.93857e-06 2.08141 1.49121e-05
85.05 0.00275802 0.00128111 5.57081e-07 0.000168449 0.0192763 0.088986 1.56316 0.914632 3.59632e-06 0 7.37082e-09 8.58628e-06 2.20529 1.83288e-05
85.4 0.00342948 0.00128111 5.57081e-07 0.000168449 0.0192763 0.095358 1.32112 0.914632 4.47009e-06 0 8.97128e-09 1.07005e-05 2.32182 2.27454e-05
85.75 0.00431914 0.00128111 5.57081e-07 0.000168449 0.0192763 0.10018 1.11623 0.914631 5.62726e-06 0 1.11488e-08 1.34659e-05 2.43198 2.85737e-05
86.1 0.00554097 0.00128111 5.57081e-07 0.000168449 0.0192763 0.102976 0.942768 0.91463 7.21065e-06 0 1.4217e-08 1.71883e-05 2.5366 3.6493e-05
86.45 0.00726433 0.00128111 5.57081e-07 0.000168449 0.0192763 0.103031 0.796022 0.914629 9.45175e-06 0 1.86989e-08 2.23347e-05 2.63625 4.76615e-05
86.8 0.00988505 0.00128111 5.57081e-07 0.000168449 0.0192763 0.0993252 0.671459 0.914628 1.2848e-05 0 2.56943e-08 2.98649e-05 2.7315 6.43924e-05
87.15 0.0142396 0.00128111 5.57081e-07 0.000168449 0.0192763 0.0900952 0.565726 0.914625 1.84823e-05 0 3.75237e-08 4.16319e-05 2.82269 9.17232e-05
87.5 0.022778 0.00128111 5.57081e-07 0.000168449 0.0192763 0.0723922 0.475689 0.914619 2.94825e-05 0 6.00876e-08 6.19904e-05 2.91002 0.000143633
87.85 0.0478785 0.00128111 5.57081e-07 0.000168449 0.0192763 0.0422108 0.398355 0.914603 6.02997e-05 0 1.11272e-07 0.000102777 2.99345 0.000279244
88.2 0.472523 0.00128111 5.57081e-07 0.000168449 0.0192763 0.0160746 0.327847 0.914324 0.000604339 0 7.17498e-07 0.000551858 3.07123 0.00175346
88.55 0.0064843 0.00128111 5.57081e-07 0.000168449 0.0192763 0.0143959 0.85252 0.91463 8.69473e-06 0 1.98017e-08 6.48253e-06 1.59336 0.0291861
88.9 0.00866428 0.00128111 5.57081e-07 0.000168449 0.0192763 0.0262591 0.720094 0.914628 1.12691e-05 0 3.58948e-08 1.29474e-05 1.75551 0.000102624
89.25 0.01216 0.00128111 5.57081e-07 0.000168449 0.0192763 0.0342151 0.607828 0.914626 1.574e-05 0 5.38623e-08 2.09055e-05 1.90278 7.85807e-05
89.6 0.0183888 0.00128111 5.57081e-07 0.000168449 0.0192763 0.0378324 0.512582 0.914622 2.37271e-05 0 8.03317e-08 3.28894e-05 2.0383 0.000116739
89.95 0.0325487 0.00128111 5.57081e-07 0.000168449 0.0192763 0.0359462 0.431625 0.914613 4.17077e-05 0 1.30779e-07 5.53868e-05 2.16409 0.000199253
90.3 0.0987606 0.00128111 5.57081e-07 0.000168449 0.0192763 0.0274726 0.362457 0.914574 0.000116712 0 3.01792e-07 0.00012918 2.28111 0.00050338
90.65 143.448 0.00128111 5.57081e-07 0.000168449 0.0192763 0.00956941 0.978637 0.77509 26.681 0 0.000688372 0.166271 0.784494 0.99289
91 143.778 0.00128111 5.57081e-07 0.000168449 0.0192763 0.00652905 1.49859 0.556723 104.564 0 0.00324644 0.126243 0.0804258 0.998186
91.35 144.566 0.00128111 5.57081e-07 0.000168449 0.0192763 0.00808399 1.86206 0.602151 96.5017 0 0.00350399 0.129628 0.0781634 0.998035
91.7 145.079 0.00128111 5.57081e-07 0.000168449 0.0192763 0.00937037 2.18786 0.632963 89.1285 0 0.00369899 0.131931 0.0765804 0.997873
92.05 145.446 0.00128111 5.57081e-07 0.000168449 0.0192763 0.0104764 2.48832 0.655822 82.498 0 0.00385664 0.133636 0.0753643 0.997702
92.4 145.721 0.00128111 5.57081e-07 0.000168449 0.0192763 0.0114508 2.77005 0.673733 76.5116 0 0.00398932 0.134967 0.0743762 0.997523
92.75 145.936 0.00128111 5.57081e-07 0.000168449 0.0192763 0.0123248 3.03738 0.688316 71.0599 0 0.00410413 0.136044 0.0735421 0.997333
93.1 146.108 0.00128111 5.57081e-07 0.000168449 0.0192763 0.0131187 3.293 0.70051 66.0576 0 0.00420543 0.136936 0.0728195 0.997132
93.45 146.247 0.00128111 5.57081e-07 0.000168449 0.0192763 0.013847 3.53886 0.710924 61.4346 0 0.00429613 0.13769 0.0721812 0.996917
93.8 146.354 0.00128111 5.57081e-07 0.000168449 0.0192763 0.0145206 3.77644 0.719964 57.1351 0 0.00437826 0.138336 0.0716093 0.996686
94.15 146.447 0.00128111 5.57081e-07 0.000168449 0.0192763 0.0151476 4.00685 0.727919 53.1139 0 0.00445329 0.138897 0.0710911 0.996436
94.5 146.521 0.00128111 5.57081e-07 0.000168449 0.0192763 0.0157344 4.23093 0.734997 49.335 0 0.00452229 0.139387 0.0706181 0.996164
94.85 146.579 0.00128111 5.57081e-07 0.000168449 0.0192763 0.016286 4.44947 0.741359 45.7665 0 0.00458611 0.13982 0.0701835 0.995866
95.2 146.622 0.00128111 5.57081e-07 0.000168449 0.0192763 0.0168066 4.663 0.747125 42.3833 0 0.00464535 0.140203 0.0697828 0.995537
95.55 146.651 0.00128111 5.57081e-07 0.000168449 0.0192763 0.0172994 4.87203 0.752391 39.1633 0 0.00470047 0.140543 0.0694127 0.995172
95.9 146.666 0.00128111 5.57081e-07 0.000168449 0.0192763 0.0177671 5.07695 0.757234 36.0872 0 0.00475183 0.140847 0.0690709 0.994763
96.25 146.667 0.00128111 5.57081e-07 0.000168449 0.0192763 0.0182117 5.27812 0.761719 33.1375 0 0.00479965 0.141117 0.0687561 0.994299
96.6 146.652 0.00128111 5.57081e-07 0.000168449 0.0192763 0.0186351 5.47583 0.765899 30.2984 0 0.00484405 0.141358 0.0684679 0.993769
96.95 146.62 0.00128111 5.57081e-07 0.000168449 0.0192763 0.0190387 5.6704 0.769823 27.5534 0 0.00488508 0.14157 0.0682068 0.993152
97.3 146.567 0.00128111 5.57081e-07 0.000168449 0.0192763 0.0194231 5.86204 0.773535 24.8869 0 0.0049226 0.141754 0.0679747 0.992424
97.65 146.488 0.00128111 5.57081e-07 0.000168449 0.0192763 0.0197889 6.05098 0.777078 22.2806 0 0.0049563 0.14191 0.0677754 0.991546
98 146.373 0.00128111 5.57081e-07 0.000168449 0.0192763 0.0201357 6.23743 0.780503 19.712 0 0.00498556 0.142036 0.0676157 0.990455
98.35 146.207 0.00128111 5.57081e-07 0.000168449 0.0192763 0.0204618 6.42158 0.783871 17.1483 0 0.00500915 0.142123 0.0675084 0.989044
98.7 145.953 0.00128111 5.57081e-07 0.000168449 0.0192763 0.0207633 6.60368 0.787288 14.5316 0 0.00502448 0.142156 0.0674801 0.987099
99.05 145.516 0.00128111 5.57081e-07 0.000168449 0.0192763 0.0210278 6.78396 0.790998 11.7214 0 0.00502456 0.142086 0.0676013 0.98406
99.4 0.000534962 0.00128111 5.57081e-07 0.000168449 0.0192763 0.000194768 6.70076 0.914634 8.98194e-07 0 3.83823e-08 8.17535e-06 0.358577 0.222288
99.75 0.000639612 0.00128111 5.57081e-07 0.000168449 0.0192763 0.0123651 5.66845 0.914634 8.33667e-07 0 2.87583e-09 1.39282e-06 0.828725 0.000353817

