0  0
1e-05  0.0484863
2e-05  0.101969
3e-05  0.158407
4e-05  0.215971
5e-05  0.273085
6e-05  0.32845
7e-05  0.381043
8e-05  0.430119
9e-05  0.475182
0.0001  0.515965
0.00011  0.552393
0.00012  0.584551
0.00013  0.612647
0.00014  0.636975
0.00015  0.657889
0.00016  0.675772
0.00017  0.691015
0.00018  0.704001
0.00019  0.715089
0.0002  0.724605
0.00021  0.732841
0.00022  0.740048
0.00023  0.746441
0.00024  0.752195
0.00025  0.757454
0.00026  0.762331
0.00027  0.766915
0.00028  0.771273
0.00029  0.775455
0.0003  0.779495
0.00031  0.783419
0.00032  0.787243
0.00033  0.790979
0.00034  0.794634
0.00035  0.79821
0.00036  0.80171
0.00037  0.805135
0.00038  0.808485
0.00039  0.811759
0.0004  0.814959
0.00041  0.818084
0.00042  0.821134
0.00043  0.824111
0.00044  0.827015
0.00045  0.829848
0.00046  0.83261
0.00047  0.835303
0.00048  0.83793
0.00049  0.84049
0.0005  0.842988
0.00051  0.845423
0.00052  0.847798
0.00053  0.850114
0.00054  0.852374
0.00055  0.85458
0.00056  0.856732
0.00057  0.858833
0.00058  0.860884
0.00059  0.862887
0.0006  0.864843
0.00061  0.866754
0.00062  0.868621
0.00063  0.870446
0.00064  0.872231
0.00065  0.873975
0.00066  0.875681
0.00067  0.877349
0.00068  0.878982
0.00069  0.880579
0.0007  0.882143
0.00071  0.883674
0.00072  0.885173
0.00073  0.886641
0.00074  0.888079
0.00075  0.889487
0.00076  0.890868
0.00077  0.892221
0.00078  0.893547
0.00079  0.894848
0.0008  0.896123
0.00081  0.897374
0.00082  0.898602
0.00083  0.899806
0.00084  0.900987
0.00085  0.902147
0.00086  0.903286
0.00087  0.904403
0.00088  0.905501
0.00089  0.906579
0.0009  0.907638
0.00091  0.908678
0.00092  0.909701
0.00093  0.910705
0.00094  0.911693
0.00095  0.912663
0.00096  0.913618
0.00097  0.914556
0.00098  0.915479
0.00099  0.916386
0.001  0.917279
0.00101  0.918158
0.00102  0.919022
0.00103  0.919872
0.00104  0.92071
0.00105  0.921533
0.00106  0.922345
0.00107  0.923143
0.00108  0.92393
0.00109  0.924704
0.0011  0.925467
0.00111  0.926218
0.00112  0.926958
0.00113  0.927687
0.00114  0.928406
0.00115  0.929114
0.00116  0.929811
0.00117  0.930499
0.00118  0.931177
0.00119  0.931845
0.0012  0.932504
0.00121  0.933154
0.00122  0.933795
0.00123  0.934427
0.00124  0.93505
0.00125  0.935665
0.00126  0.936271
0.00127  0.93687
0.00128  0.93746
0.00129  0.938042
0.0013  0.938617
0.00131  0.939185
0.00132  0.939745
0.00133  0.940298
0.00134  0.940844
0.00135  0.941382
0.00136  0.941914
0.00137  0.94244
0.00138  0.942958
0.00139  0.943471
0.0014  0.943977
0.00141  0.944476
0.00142  0.94497
0.00143  0.945458
0.00144  0.94594
0.00145  0.946416
0.00146  0.946886
0.00147  0.947351
0.00148  0.94781
0.00149  0.948264
0.0015  0.948713
0.00151  0.949156
0.00152  0.949595
0.00153  0.950028
0.00154  0.950457
0.00155  0.95088
0.00156  0.951299
0.00157  0.951713
0.00158  0.952123
0.00159  0.952528
0.0016  0.952928
0.00161  0.953325
0.00162  0.953717
0.00163  0.954104
0.00164  0.954488
0.00165  0.954867
0.00166  0.955242
0.00167  0.955614
0.00168  0.955981
0.00169  0.956345
0.0017  0.956705
0.00171  0.957061
0.00172  0.957413
0.00173  0.957762
0.00174  0.958107
0.00175  0.958449
0.00176  0.958787
0.00177  0.959122
0.00178  0.959454
0.00179  0.959782
0.0018  0.960107
0.00181  0.960428
0.00182  0.960747
0.00183  0.961062
0.00184  0.961375
0.00185  0.961684
0.00186  0.961991
0.00187  0.962294
0.00188  0.962595
0.00189  0.962892
0.0019  0.963187
0.00191  0.963479
0.00192  0.963769
0.00193  0.964056
0.00194  0.96434
0.00195  0.964621
0.00196  0.9649
0.00197  0.965176
0.00198  0.96545
0.00199  0.965721
0.002  0.96599
0.00201  0.966256
0.00202  0.96652
0.00203  0.966782
0.00204  0.967041
0.00205  0.967299
0.00206  0.967553
0.00207  0.967806
0.00208  0.968056
0.00209  0.968305
0.0021  0.968551
0.00211  0.968795
0.00212  0.969036
0.00213  0.969276
0.00214  0.969514
0.00215  0.96975
0.00216  0.969983
0.00217  0.970215
0.00218  0.970445
0.00219  0.970673
0.0022  0.970899
0.00221  0.971123
0.00222  0.971346
0.00223  0.971566
0.00224  0.971785
0.00225  0.972002
0.00226  0.972217
0.00227  0.972431
0.00228  0.972642
0.00229  0.972853
0.0023  0.973061
0.00231  0.973268
0.00232  0.973473
0.00233  0.973676
0.00234  0.973878
0.00235  0.974079
0.00236  0.974277
0.00237  0.974475
0.00238  0.97467
0.00239  0.974865
0.0024  0.975057
0.00241  0.975249
0.00242  0.975438
0.00243  0.975627
0.00244  0.975814
0.00245  0.975999
0.00246  0.976183
0.00247  0.976366
0.00248  0.976548
0.00249  0.976728
0.0025  0.976906
0.00251  0.977084
0.00252  0.97726
0.00253  0.977435
0.00254  0.977608
0.00255  0.977781
0.00256  0.977952
0.00257  0.978122
0.00258  0.97829
0.00259  0.978458
0.0026  0.978624
0.00261  0.978789
0.00262  0.978953
0.00263  0.979116
0.00264  0.979277
0.00265  0.979438
0.00266  0.979597
0.00267  0.979755
0.00268  0.979912
0.00269  0.980069
0.0027  0.980224
0.00271  0.980377
0.00272  0.98053
0.00273  0.980682
0.00274  0.980833
0.00275  0.980983
0.00276  0.981132
0.00277  0.981279
0.00278  0.981426
0.00279  0.981572
0.0028  0.981717
0.00281  0.981861
0.00282  0.982004
0.00283  0.982146
0.00284  0.982287
0.00285  0.982427
0.00286  0.982566
0.00287  0.982704
0.00288  0.982842
0.00289  0.982978
0.0029  0.983114
0.00291  0.983249
0.00292  0.983383
0.00293  0.983516
0.00294  0.983648
0.00295  0.983779
0.00296  0.98391
0.00297  0.98404
0.00298  0.984169
0.00299  0.984297
0.003  0.984424
0.00301  0.984551
0.00302  0.984676
0.00303  0.984801
0.00304  0.984926
0.00305  0.985049
0.00306  0.985172
0.00307  0.985294
0.00308  0.985415
0.00309  0.985535
0.0031  0.985655
0.00311  0.985774
0.00312  0.985892
0.00313  0.98601
0.00314  0.986127
0.00315  0.986243
0.00316  0.986358
0.00317  0.986473
0.00318  0.986587
0.00319  0.986701
0.0032  0.986814
0.00321  0.986926
0.00322  0.987037
0.00323  0.987148
0.00324  0.987258
0.00325  0.987368
0.00326  0.987477
0.00327  0.987585
0.00328  0.987693
0.00329  0.9878
0.0033  0.987906
0.00331  0.988012
0.00332  0.988117
0.00333  0.988222
0.00334  0.988326
0.00335  0.988429
0.00336  0.988532
0.00337  0.988635
0.00338  0.988736
0.00339  0.988837
0.0034  0.988938
0.00341  0.989038
0.00342  0.989138
0.00343  0.989236
0.00344  0.989335
0.00345  0.989433
0.00346  0.98953
0.00347  0.989627
0.00348  0.989723
0.00349  0.989819
0.0035  0.989914
0.00351  0.990009
0.00352  0.990103
0.00353  0.990197
0.00354  0.99029
0.00355  0.990383
0.00356  0.990475
0.00357  0.990567
0.00358  0.990658
0.00359  0.990749
0.0036  0.990839
0.00361  0.990929
0.00362  0.991018
0.00363  0.991107
0.00364  0.991195
0.00365  0.991283
0.00366  0.991371
0.00367  0.991458
0.00368  0.991544
0.00369  0.991631
0.0037  0.991716
0.00371  0.991801
0.00372  0.991886
0.00373  0.991971
0.00374  0.992055
0.00375  0.992138
0.00376  0.992221
0.00377  0.992304
0.00378  0.992386
0.00379  0.992468
0.0038  0.99255
0.00381  0.992631
0.00382  0.992711
0.00383  0.992792
0.00384  0.992872
0.00385  0.992951
0.00386  0.99303
0.00387  0.993109
0.00388  0.993187
0.00389  0.993265
0.0039  0.993342
0.00391  0.99342
0.00392  0.993496
0.00393  0.993573
0.00394  0.993649
0.00395  0.993725
0.00396  0.9938
0.00397  0.993875
0.00398  0.993949
0.00399  0.994024
0.004  0.994097
0.00401  0.994171
0.00402  0.994244
0.00403  0.994317
0.00404  0.99439
0.00405  0.994462
0.00406  0.994533
0.00407  0.994605
0.00408  0.994676
0.00409  0.994747
0.0041  0.994817
0.00411  0.994887
0.00412  0.994957
0.00413  0.995027
0.00414  0.995096
0.00415  0.995165
0.00416  0.995233
0.00417  0.995302
0.00418  0.99537
0.00419  0.995437
0.0042  0.995504
0.00421  0.995571
0.00422  0.995638
0.00423  0.995705
0.00424  0.995771
0.00425  0.995836
0.00426  0.995902
0.00427  0.995967
0.00428  0.996032
0.00429  0.996097
0.0043  0.996161
0.00431  0.996225
0.00432  0.996289
0.00433  0.996352
0.00434  0.996415
0.00435  0.996478
0.00436  0.996541
0.00437  0.996603
0.00438  0.996665
0.00439  0.996727
0.0044  0.996789
0.00441  0.99685
0.00442  0.996911
0.00443  0.996972
0.00444  0.997032
0.00445  0.997093
0.00446  0.997153
0.00447  0.997212
0.00448  0.997272
0.00449  0.997331
0.0045  0.99739
0.00451  0.997449
0.00452  0.997507
0.00453  0.997565
0.00454  0.997623
0.00455  0.997681
0.00456  0.997739
0.00457  0.997796
0.00458  0.997853
0.00459  0.99791
0.0046  0.997966
0.00461  0.998022
0.00462  0.998078
0.00463  0.998134
0.00464  0.99819
0.00465  0.998245
0.00466  0.9983
0.00467  0.998355
0.00468  0.99841
0.00469  0.998464
0.0047  0.998519
0.00471  0.998573
0.00472  0.998626
0.00473  0.99868
0.00474  0.998733
0.00475  0.998786
0.00476  0.998839
0.00477  0.998892
0.00478  0.998944
0.00479  0.998997
0.0048  0.999049
0.00481  0.999101
0.00482  0.999152
0.00483  0.999204
0.00484  0.999255
0.00485  0.999306
0.00486  0.999357
0.00487  0.999408
0.00488  0.999458
0.00489  0.999508
0.0049  0.999558
0.00491  0.999608
0.00492  0.999658
0.00493  0.999707
0.00494  0.999757
0.00495  0.999806
0.00496  0.999854
0.00497  0.999903
0.00498  0.999952
0.00499  1
