0.1213552889073296
0.0007636602106972737
1.479079915360674e-06
0.0001333031149897762
8.527843406820529e-07
3.10065400932112e-09
3.110026575043027e-05
1.983132824668535e-07
7.203854440648704e-10
1.219103519343274e-05
9.959039987805736e-11
-3.332095628161495e-09
0.02688944346101579
1.605829221677905e-10
3.277289931725407e-07
2.987510924522456e-05
2.836634307681187e-08
7.233432829545574e-10
6.969290319514281e-06
6.284529036830534e-09
1.680370228650059e-10
3.425832964512533e-09
5.643758965667459e-07
1.017127294618808e-13
0.05642814267772164
3.153212726104565e-10
6.877472273433227e-07
6.257270224452744e-05
2.175401283126781e-08
1.517946039412637e-09
1.459863118985987e-05
4.745426039334803e-09
3.526278942795132e-10
7.122223274657672e-09
9.621850332996986e-07
2.136333321143818e-13
1.107823642969193e-08
4.261582293467681e-11
8.187030430120835e-14
6.714713172842842e-07
-2.556742338811993e-12
-8.719305143195891e-12
1.554053518724305e-07
-5.966467709148935e-13
-2.010411358467308e-12
3.331993411197402e-05
3.071656453451657e-12
-5.836705733645132e-10
0.03812712342910732
2.129783558318102e-10
4.646940725225151e-07
4.227845899733296e-05
1.458644472608338e-08
1.025639169908192e-09
9.863852701819292e-06
3.181190656041547e-09
2.382620771449778e-10
4.812079110021289e-09
6.456757362629435e-07
1.443468568664517e-13
7.481993227084902e-09
2.879457577345187e-11
5.531386206314189e-14
4.523680990409421e-07
-1.727639400499158e-12
-5.885432037293325e-12
1.047020488860015e-07
-4.031653469487039e-13
-1.35701693574892e-12
2.227318644892038e-05
2.077680083979236e-12
-3.934908188722616e-10
1.502660082510702e-08
5.262220710568022e-11
1.152575074266271e-13
7.070444018218839e-07
6.929570382571337e-14
-1.115136615306511e-11
1.643721819339503e-07
1.61176094514107e-14
-2.572922180075669e-12
2.212485601372693e-05
-6.619515668522647e-14
-6.785315365665292e-10
1.852913198656128e-09
9.219006089327874e-17
2.258410299998611e-14
2.412994405747297e-12
2.621638280515859e-14
5.722908400423761e-17
5.629490207850792e-13
6.041286097088365e-15
1.329664594990988e-17
-1.810614419519497e-12
2.023558245347319e-12
-2.168042696869928e-17
3.521602362018489e-08
1.235896122351932e-10
2.704883729521223e-13
1.646208471157328e-06
1.396050082529251e-13
-2.607342332334051e-11
3.827396873728285e-07
3.245481840959127e-14
-6.015925818807731e-12
5.080557660016364e-05
-1.140523060229306e-13
-1.583361548310751e-09
4.351745443136626e-09
2.153622539000132e-16
5.303928388767178e-14
4.884132934479253e-12
6.122797997963372e-14
1.180001658729192e-16
1.139439412654539e-12
1.41090796750389e-14
2.741638887272843e-17
-3.190735448059597e-12
4.751072348159984e-12
-2.380111640139079e-17
9.132484626358119e-09
4.044349413583579e-16
1.113066614752606e-13
1.010703674553492e-11
1.067184000381107e-13
2.455186176711042e-16
2.358181189120491e-12
2.45932568123931e-14
5.704418847124898e-17
-5.596059818492805e-12
9.795746360850297e-12
-4.575528536105599e-17
1.416356570972135e-14
6.966583783147816e-18
-2.672510684077496e-19
3.71166873073036e-12
-1.353047806323918e-18
-1.136785635562348e-16
8.569587656800944e-13
-3.146784325380688e-19
-2.623966278976608e-17
3.429341658576941e-10
-2.791939722293561e-17
-6.505532238119044e-15

0.0002427225952230948
2.693430825921358e-07
6.290318372156907e-08
-2.43449306186397e-06
5.378144331890027e-05
5.938493776705004e-08
1.385493002533184e-08
6.56082111710074e-12
0.0001128616510430038
1.246103909576413e-07
2.90725069078514e-08
1.37791489736286e-11
1.98245910765302e-11
9.113177434472351e-10
2.114539982233274e-10

0.0002962467267766156
1.864205676926207e-06
3.610650890548858e-09
4.08382581037756e-07
2.081999335209028e-09
6.213780368138924e-12
9.521689162778454e-08
4.841649112931472e-10
1.445806172208383e-12
2.36581308446689e-06
2.386718016139046e-13
-8.907124477757268e-11
6.56410435543817e-05
4.603259925677694e-13
8.000341549174904e-10
7.293799457221777e-08
2.469870431393414e-10
1.76680969968887e-12
1.701503510928208e-08
5.434120373811612e-11
4.105140847591812e-13
8.244460793660916e-12
9.655189335252888e-08
2.470380840665876e-16
0.0001377493059370659
9.391701295573029e-13
1.678891045479556e-09
1.527883400255773e-07
5.776507108730347e-10
3.708349827474365e-12
3.564650423702914e-08
1.233868782245653e-10
8.617749825124049e-13
1.713824403150101e-11
4.264713308322931e-07
5.190656088245506e-16
3.302226385034539e-11
1.040198396962308e-13
1.941516717000923e-16
2.023761156834385e-08
-6.228840173770731e-15
-4.617094158434917e-14
4.333336494614856e-09
-1.45355839473786e-15
-1.016470074223111e-14
1.604605857449824e-05
6.913312876099975e-15
-2.327022297937585e-11

0.09942959792387875
0.0001081836775581284
2.524081295346558e-05
-2.976435610879664e-05
0.02203123231865729
2.432630156511064e-05
5.67549986348602e-06
2.716539456972572e-09
0.04623307037726521
5.10445759177362e-05
1.190906945190705e-05
5.702314423952629e-09
7.820862413147201e-09
4.107322625782046e-09
1.810320082941521e-09
-3.352543689248768e-05
0.03123856106564177
3.448956260580291e-05
8.046664899161908e-06
3.852906919333454e-09
5.282911244940159e-09
2.917523530550739e-09
1.252988885187184e-09
-2.240709190571055e-05
1.078597138164379e-08
3.644245351540339e-08
9.084502390873306e-09
-2.234233141150304e-05
1.518207626415832e-09
1.928283075382377e-12
4.499037128862127e-13
-9.074972283498508e-13
2.528981611892289e-08
8.666980431383124e-08
2.155849759968493e-08
-5.13123997955612e-05
3.565510040444563e-09
3.956742889358096e-12
9.231718674322769e-13
-1.374316062028991e-12
7.48247584327036e-09
8.224670761595403e-12
1.918945781035329e-12
-2.704937539113752e-12
-1.998171956826138e-16
-2.270083157831555e-12
-5.20377942493469e-13
-3.588947541127391e-10

-2.78679751838798e-87
3.156438808703725e-38
8.117300747952336e-62
7.277285621106089e-38
-2.586691457057274e-38
-1.688886767664743e-29
-1.325933441441294e-29
0.0003527074422232902
1.958309192587925e-35
1.190998633726276e-59
3.937450651725077e-35
-4.928511444638627e-35
-1.036721149170431e-28
-2.252218530793777e-28
0.004703563013053251

-2.042391486726787e-84
4.786357382099121e-35
7.801900698812094e-59
7.332407825417079e-35
-3.592630633287538e-35
-3.38055774370219e-28
-2.671652694072649e-28
0.007059948560240284
5.928306916923991e-32
1.788778678939034e-56
5.959637145516169e-32
-1.462966219480601e-31
-2.075275293817562e-27
-4.455267268474338e-27
0.09414860291329025
0.09303003819361845
2.180265914916889e-106
-1.171606593874573e-81
-2.987085893266179e-80
-1.263111587729401e-57
-2.24457575429663e-57
-2.399029336435109e-33
-1.918795217974811e-33
5.010126193098352e-08
-1.973722947530844e-82
-1.752408442966774e-80
-1.731144956039708e-57
-1.889710558220631e-56
-1.472641299182826e-32
-3.59045911233978e-32
6.681300543118239e-07
7.49719057931012e-07
-1.317901422603271e-94
-1.308677428218771e-46
2.57392999521423e-69
5.205059692043448e-46
-2.049255695915552e-46
-1.879541547297294e-34
-1.99968278040102e-34
3.936012850535784e-09
6.261232617125633e-44
3.955569982870132e-67
8.002393055367411e-43
-5.934570706998134e-43
-1.153754409430091e-33
-2.506911997371499e-33
5.248906670641201e-08
5.248906670641065e-08

3.604402925836262e-07
2.730094791496074e-09
4.521960927957415e-13
3.167259222214596e-07
4.625644815463118e-13
4.484617604796634e-13
6.778619712347603e-12
5.423827917858653e-13
1.360274249903992e-17
3.954931855689091e-12
3.853030988667314e-17

0.1999961002860438
1.705906155704558e-09
2.518485434191797e-07
5.950917344189998e-07
1.808818154725849e-07
8.333140535630635e-13
1.641569454688125e-07
6.766787399320259e-13
1.371443342941239e-13
2.263055582509139e-12
5.050394477311389e-14
3.357350807654974e-17
0.1999948340971882
6.639247610478364e-08
2.518469749972654e-07
5.951061814173906e-07
1.808809202377247e-07
6.902714853036687e-13
1.641544315265455e-07
4.10619500189021e-13
1.371668598801452e-13
1.681991461324714e-13
5.049437270747203e-14
1.525449293593542e-19
3.141601647327006e-06
6.195614656255396e-08
3.92518755021468e-12
2.729978355040299e-06
4.063667762462708e-12
3.776622717496944e-12
5.336149235304745e-11
4.438788095150903e-12
1.062666183482877e-16
3.075687131210001e-11
2.985140602583814e-16
4.841384108465266e-16

qh= 3.614064774387496e-05
psi= 91.81582709067067
nad= -9.973251502860531e-26
pyr= 0.005
suc= 0.0009994172162140992
fum= 0.3006725722873442
oa= -1.756840069591124e-27
cit= 0.004662917191481886
c1c= 0.2621525722853993
