0.1088798276627142
0.002513185721910236
2.735466927527858e-05
0.009281891837457312
0.0002215991620569992
4.688725951114984e-06
0.002165712248928866
5.169298621907513e-05
1.089306549040882e-06
6.045928328097621e-05
2.14713368184508e-06
3.185917459677799e-08
0.08849241636945913
3.75829537009306e-06
2.223252810537564e-05
0.007799988465895452
5.054834487168438e-05
3.92957363662856e-06
0.001819929301106818
1.177192220296113e-05
9.129366851045235e-07
7.548208910653813e-05
1.958407768524831e-05
4.893884059138146e-08
0.01222342974239724
5.164549342186214e-07
3.070972658401579e-06
0.001077272450193664
6.36095937081184e-06
5.427907459231375e-07
0.0002513561340665134
1.482755613040393e-06
1.261036507050153e-07
1.041957701491554e-05
2.393334235510765e-06
6.759883512473471e-09
1.817828050658974e-05
1.351310565500717e-07
4.600024423613988e-09
0.0002223088853507282
1.656605214200284e-08
1.043703422541731e-07
5.186822129978071e-05
3.860486590134239e-09
2.424821095738773e-08
8.317857319474523e-05
2.833366866011658e-08
-5.864541212160585e-08
0.008259074123157092
3.489257740076368e-07
2.0749815257184e-06
0.0007278850431073749
4.2913288793409e-06
3.667505023047444e-07
0.0001698348395835439
1.000333742542021e-06
8.520516898483514e-08
7.040167677566327e-06
1.610998125745499e-06
4.567488129046717e-09
1.228221717970208e-05
9.130474194516072e-08
3.108024022421796e-09
0.0001501991302226673
1.118909075228932e-08
7.051715520024559e-08
3.50438671002731e-05
2.607463797712798e-09
1.638314885224809e-08
5.607907189451136e-05
1.911829629889267e-08
-3.961958094799027e-08
1.67524284947873e-06
1.261051729870652e-08
4.239683731244896e-10
2.030819098052875e-05
1.323121306286898e-09
9.562750512107887e-09
4.738380020144666e-06
3.085139987945953e-10
2.221699770065169e-09
6.941971017330789e-06
1.256023724830345e-09
-5.336079613358234e-09
4.440283535344693e-07
1.949074057807343e-11
1.115521955428415e-10
4.594205647568678e-08
3.173176846005779e-10
2.148883390787251e-11
1.071898424503258e-08
7.3915179499211e-11
4.992315251195528e-12
4.022266487809353e-08
1.664245391236701e-09
1.183187964162293e-11
1.108773843282956e-06
8.385449797122293e-09
2.80608600409995e-10
1.340567526145773e-05
8.707245666219962e-10
6.315140250844433e-09
3.127867323028815e-06
2.030336157326929e-10
1.467187227142865e-09
4.522544568925613e-06
7.787508769774807e-10
-3.520265970001141e-09
2.952614655562202e-07
1.295667163432266e-11
7.417787470788697e-11
3.05150933267415e-08
2.102117698781196e-10
1.428378146528633e-11
7.11964496938913e-09
4.896625377516772e-11
3.318427834796242e-12
2.653890182237512e-08
1.106707566539145e-09
7.832054446963004e-12
4.078421145223803e-08
1.774556707337755e-12
1.02461498784082e-11
4.192744844478421e-09
2.464206261273091e-11
1.970209982800615e-12
9.782529605560901e-10
5.743752158947403e-12
4.577220445842072e-13
3.531067966570784e-09
1.65371930050724e-10
1.063522672349222e-12
6.24353531156305e-11
4.509335125108385e-13
1.574966880910847e-14
8.524103648853151e-10
7.127821897589409e-14
3.578894833098642e-13
1.988448480801539e-10
1.661394673310758e-14
8.316472618379197e-14
5.831520970871419e-09
1.903930626519365e-13
-2.721212376704897e-12

0.0002178816029120953
1.911643105985513e-05
4.460373014145285e-06
-5.678727438275948e-08
0.0001770583497639203
1.558874649198196e-05
3.637268702908843e-06
1.509030399019419e-07
2.445701851126776e-05
2.153260500128122e-06
5.024128950031386e-07
2.084302657526468e-08
3.634701053854952e-08
4.318852381751458e-07
1.007694758463694e-07

0.0002658994571806032
6.136665862236146e-06
6.680395676721253e-08
2.334506969953907e-05
5.411077319122098e-07
1.177038996470029e-08
5.447024310460285e-06
1.26225538580602e-07
2.734552803589024e-09
3.58063091451567e-07
5.280933549985246e-09
-1.000759663816708e-10
0.0002160796896571568
9.179048770261184e-09
5.42871120658634e-08
1.904625958905762e-05
1.238125640658116e-07
9.59526261063858e-09
4.443961140846165e-06
2.883102760444965e-08
2.229216983316695e-09
1.856415761469148e-07
5.208727826357646e-07
1.198972051722314e-10
2.984702100875814e-05
1.262591326568696e-09
7.498663055096054e-09
2.630593731068667e-06
1.572869005550016e-08
1.32539295946317e-09
6.13786865249506e-07
3.664138178115926e-09
3.079222319807863e-10
2.562734079297126e-08
3.569379124779232e-07
1.656101477562395e-11
4.444026431404685e-08
3.299647274050862e-10
1.124522363974584e-11
5.487163625208427e-07
4.099001216906168e-11
2.551689390777629e-10
1.279377721966446e-07
9.552235888338363e-12
5.928551209662484e-11
1.419955187664596e-05
7.253756377859101e-11
-5.468099368860483e-10

0.08921762856975884
0.007606341728880014
0.001774761850782242
4.633211593191221e-05
0.07251177275259113
0.006384090379463848
0.001489577894003802
6.14685512166859e-05
0.01001603011902288
0.0008818274225048668
0.0002057537719718132
8.490343913898435e-06
1.486829278782365e-05
0.0001764484641788136
4.117058433402235e-05
-7.000361258156874e-05
0.006767587917273439
0.0005958292731809479
0.0001390228035004958
5.736714286920062e-06
1.004581983620573e-05
0.0001192162289353107
2.781663078443333e-05
-4.717172290774296e-05
1.370422532604373e-06
1.616441260452963e-05
3.771626337927721e-06
-5.736557544733431e-06
3.638328690157495e-07
3.616220667811638e-08
8.437445553024829e-09
2.387215263745246e-08
9.070480111122323e-07
1.067456273506594e-05
2.490684758029974e-06
-3.7267445603035e-06
2.419347067846817e-07
2.403364432055008e-08
5.607583172500148e-09
1.58008680662845e-08
3.341830360897684e-08
3.312911486041674e-09
7.72976148033918e-10
2.143355321397785e-09
5.096167801239652e-11
6.278287518763948e-10
1.465354238945743e-10
-6.994787795462776e-09

7.666749197375976e-24
1.927077562642526e-18
9.836533741333583e-17
3.040075643215713e-12
1.015634645310547e-11
7.010679887621077e-08
1.110211813999422e-07
0.0003530211365807191
3.245898657779288e-19
2.569001239689936e-17
4.166050763751681e-12
4.052033229007941e-11
4.302910092676649e-07
9.348142736304408e-07
0.004707122733056466

1.043495244327082e-22
3.855855774777661e-17
1.338954093146075e-15
6.082913832798485e-11
1.382519525558564e-10
1.402778187046923e-06
1.510755923002659e-06
0.00706368256556057
6.495408501977975e-18
5.072435626120935e-16
8.336737116036242e-11
8.002160996190662e-10
8.610608246655808e-06
1.846010807236584e-05
0.09419483360246547
0.09293869651064043
4.730590726875552e-23
3.693961802612898e-21
6.071150481132149e-16
5.827274925805223e-15
6.269971939380682e-11
1.344194095428226e-10
6.85896070681044e-07
6.767445918520086e-07
3.390564926910889e-24
1.663873004497546e-19
3.859428539548712e-17
5.074330750355375e-14
3.815362102002548e-12
5.868326259591618e-10
4.134848375467926e-08
6.317340355101199e-08
8.354925211224134e-24
1.266903519896246e-20
1.068273219853549e-16
6.77683709292719e-15
1.101917116364327e-11
9.757780048587894e-11
1.205194658933077e-07
1.977974089854614e-07
7.79755376247201e-23
3.719684969648001e-20
9.824451788371629e-16
1.920638671676084e-14
1.01257430666179e-10
3.306206658140097e-10
1.107283937453535e-06
1.107246191501756e-06

6.580257431974466e-06
4.983278132917455e-08
1.507290004147844e-10
5.78203801735189e-06
1.54193857388984e-10
1.494885008163609e-10
2.259365471453022e-09
1.808131465719325e-10
8.27803355451826e-14
1.318554360935119e-09
2.344814691261352e-13

0.1999250324065028
3.112994210568534e-08
4.596677513948415e-06
1.086041189708685e-05
3.301483348729035e-06
2.776752685123961e-10
2.997740336192897e-06
2.254961117821079e-10
4.576212091226468e-11
7.54273074639273e-10
1.695480894582109e-11
2.040692906588663e-13
0.1999094604345548
1.211805912763028e-06
4.596328163799079e-06
1.086488742788419e-05
3.301309490824802e-06
2.301265920301427e-10
2.997015876710506e-06
1.369950728873973e-10
4.590071550694602e-11
5.611972263051882e-11
1.689714133724558e-11
9.292638723680596e-16
5.734029627522851e-05
1.130779374971673e-06
1.308071152663247e-09
4.982570661999188e-05
1.354359608008671e-09
1.258677461475728e-09
1.778098132791865e-08
1.479490928003081e-09
6.465110252937323e-13
1.025129396402835e-08
1.816117060787036e-12
2.946154743190642e-12

qh= 0.0007447836368342754
psi= 155.2376533071759
nad= 0.0004136155012415751
pyr= 0.004954687187204988
suc= 0.001149573985745536
fum= 4.648442036328739
oa= 0.0001129040690599988
cit= 0.004662769684702806
c1c= 0.2621525722853993
