0.1166151059084961
0.002431819328252963
1.259095749154432e-05
0.003462974115761029
7.376161486110463e-05
7.516044733040239e-07
0.0008079983069782846
1.720490647463297e-05
1.746150696104584e-07
-1.366523535869944e-06
2.460071687498541e-07
-6.699953044486765e-09
0.08562742504685456
4.578887407375386e-07
9.245190627138327e-06
0.002595950684870392
8.881026879452859e-06
5.616319871633505e-07
0.0006056929988942761
2.062850184745221e-06
1.304800426999741e-07
8.642771760665697e-06
1.151698837943493e-05
2.397271033385214e-09
0.01852324428303553
9.831700825062054e-08
1.999954315141362e-06
0.0005614540664286514
1.595583794973167e-06
1.214942823224237e-07
0.0001310011388149183
3.713613955397938e-07
2.822591869645657e-08
1.867735654809242e-06
2.191783618475765e-06
5.185844936408866e-10
3.460297355546538e-06
2.913799028930712e-08
3.77381274668642e-10
5.540908097095756e-05
1.139700982125496e-09
1.034905147213522e-08
1.292651727352947e-05
2.655257783138435e-10
2.404544065061504e-09
7.62159847620114e-05
1.891107480105064e-09
-2.624676246898233e-08
0.01251570558065353
6.642360779348154e-08
1.35132048311131e-06
0.0003793597225391197
1.075322747362832e-06
8.209073067819717e-08
8.851403117907873e-05
2.502807369150021e-07
1.907156653063405e-08
1.261964028041625e-06
1.475281832275532e-06
3.503948804483004e-10
2.337916320860298e-06
1.968782888830719e-08
2.549741834688662e-10
3.743393762097894e-05
7.697244270096705e-10
6.992001847242873e-09
8.733057446145728e-06
1.793295126506293e-10
1.624552397598467e-09
5.135658352843381e-05
1.275186475234703e-09
-1.773078120402412e-08
4.97654709642337e-07
4.25878631293597e-09
5.428206099338615e-11
7.828423118069146e-06
1.436574553917075e-10
1.472592982501828e-09
1.826475142728209e-06
3.349308125352747e-11
3.421484098218407e-10
9.444422968607721e-06
1.037946022589538e-10
-3.697437571421361e-09
1.499569038831909e-07
8.488415876276309e-13
1.61907055514433e-11
5.005036143077166e-09
2.334418728919268e-11
1.031467693275469e-12
1.167740695237609e-09
5.426954409543356e-12
2.396316450638069e-13
3.257029837406388e-09
4.220471606238064e-10
3.688558595613363e-13
4.05805216905279e-07
3.486629862985901e-09
4.426342444345797e-11
6.361407074865666e-06
1.167373567863559e-10
1.197525886882518e-09
1.484208199870625e-06
2.721750960160906e-11
2.782381436655534e-10
7.563899219394326e-06
7.841371244237279e-11
-3.003526815036818e-09
1.227685551187973e-07
6.945798541075255e-13
1.325520661740623e-11
4.094659238687525e-09
1.898419613290416e-11
8.442837999522721e-13
9.553387745315909e-10
4.413332801803924e-12
1.961448989222597e-13
2.645235046471201e-09
3.455529160453897e-10
3.00678235310713e-13
2.655772488482345e-08
1.482046492646041e-13
2.867414842319018e-12
8.82120295201135e-10
3.095515871293649e-12
1.824776677564151e-13
2.058156166559384e-10
7.202776674755873e-13
4.239342198360423e-14
5.454899563357028e-10
7.873525322926956e-11
6.381793386916392e-14
5.213125047871659e-12
4.178038565369386e-14
5.630532465695961e-16
1.060586246519125e-10
2.213042478895435e-15
1.36967800705906e-14
2.472125060259087e-11
5.157365734641576e-16
3.186505332285168e-15
2.76771178069499e-09
6.399026786596893e-15
-5.316705001817363e-13

0.000233317046776336
7.179494114306897e-06
1.675158261478099e-06
-3.693420286092662e-07
0.0001713111813632129
5.185637989456116e-06
1.209938565462799e-06
1.722973428878827e-08
3.705867739005545e-05
1.121768511335479e-06
2.617365583198751e-07
3.726917826506216e-09
6.916394135962048e-09
1.046146766488711e-07
2.440872759539702e-08

0.0002847357029292252
5.937448140881474e-06
3.07429970214665e-08
8.778264801955636e-06
1.800962238962558e-07
1.896237042651107e-09
2.048185379955516e-06
4.200746757978252e-08
4.405409151653655e-10
3.448150965764248e-07
6.044908207400478e-10
-1.682634716394701e-10
0.0002090650361522715
1.118466527943147e-09
2.257274586747512e-08
6.338271900309541e-06
2.199591908420213e-08
1.371275650120499e-09
1.478859713649199e-06
5.106152828315465e-09
3.1857978295336e-10
2.123553988819896e-08
4.235448457924088e-07
5.868603650866115e-12
4.522572995844547e-05
2.405080848219279e-10
4.883021062437785e-09
1.370900406348047e-06
4.084800843680029e-09
2.966416391798733e-10
3.198649123065381e-07
9.477135168441486e-10
6.891742982041222e-11
4.589461887214235e-09
3.898731929186079e-07
1.269491426875339e-12
8.464831631108705e-09
7.114264645797489e-11
9.230911716488126e-13
1.416367232102465e-07
2.826945129206289e-12
2.528000384186268e-11
3.292619927279623e-08
6.586246742919454e-13
5.875097060460391e-12
1.527227499947715e-05
4.949584203053109e-12
-2.49863843664086e-10

0.09555632263006227
0.002837593306097709
0.0006620814008845351
-7.101281224426372e-06
0.07016446017701805
0.002123890487350087
0.0004955565768914716
7.024959642168214e-06
0.0151782392133432
0.0004594432812877056
0.0001071995713609741
1.519579280418454e-06
2.827577898770427e-06
4.257517093414757e-05
9.934483026068828e-06
-7.688128787730096e-05
0.01025556703535312
0.0003104346013795326
7.243213162738006e-05
1.026741741831436e-06
1.910427722184787e-06
2.876449647137989e-05
6.711902361837575e-06
-5.180037378191194e-05
4.067654934488088e-07
6.055740810219353e-06
1.413035205690668e-06
-9.537473448701568e-06
1.228762822191302e-07
3.988634836164607e-09
9.306324937943862e-10
1.845220200738006e-09
3.317013188612602e-07
4.924365435053964e-06
1.149041287808231e-06
-7.639532962815441e-06
1.005978700033068e-07
3.264492933151711e-09
7.616749940999717e-10
1.504041065800091e-09
2.176169844298748e-08
7.052158568795981e-10
1.645417886867985e-10
3.186982499390698e-10
4.237775811063225e-12
6.37896588084716e-11
1.491004316790166e-11
-3.18073322497674e-09

7.365325807848003e-21
4.615625158574241e-16
1.519364873812838e-14
1.1705977140635e-10
2.522072376835226e-10
4.339829840337757e-07
4.430336136294467e-07
0.0003513196927747921
7.774245922822615e-17
6.151950700399004e-15
1.604117467201769e-10
1.560358361713926e-09
2.663558114317564e-06
5.787050148589792e-06
0.004684289403846937

1.216579072303525e-19
9.235233412461237e-15
2.509812192997121e-13
2.342216443467145e-09
4.166234871001266e-09
8.683455919143052e-06
7.316778816837011e-06
0.007029476233287075
1.555850256626295e-15
1.22541602980428e-13
3.210300962442803e-09
3.108309482615383e-08
5.330546993595737e-05
0.0001152784839100833
0.09374612441495914
0.09330584301397526
2.459081490719849e-20
1.936719187985856e-18
5.073431368971802e-14
4.912038153850682e-13
8.423089791408346e-10
1.821563081455895e-09
1.481331531096561e-06
1.474359337120373e-06
1.778554513085607e-21
1.400045922815083e-17
3.254841966072883e-15
7.058995877357447e-13
5.172966546066884e-11
1.357589964787473e-09
9.012685484886833e-08
9.536056464623122e-08
4.383001363096542e-21
1.344685121041868e-18
9.009490207377414e-15
1.635485192369864e-13
1.494016075941873e-10
4.796690560476627e-10
2.626950291562973e-07
2.864310746114558e-07
8.750089780351087e-21
3.306177234121984e-18
1.774535086186814e-14
3.032872409138213e-13
2.938426638500211e-10
8.797788515885415e-10
5.164994734975408e-07
5.168888585000259e-07

1.646504394228076e-06
2.68792563361801e-08
1.259058724635043e-11
2.717329057150585e-06
1.465910884362839e-11
2.338556183724206e-11
1.8830150272794e-10
3.365903038311112e-11
2.301900255442866e-15
2.443712734911152e-10
1.612033992492096e-14

0.1499787465038945
1.876301198136693e-08
1.149347940554089e-06
4.670760024941082e-06
9.014531487037434e-07
4.08765915200661e-11
8.182093720001598e-07
3.904119845516708e-11
4.160787117961741e-12
1.384405045961628e-10
1.669222361134281e-12
1.259416266793224e-14
0.2499630332103483
3.697003595337845e-07
1.915570182532995e-06
2.802772552080812e-06
1.502430098525502e-06
1.995598300432295e-11
1.363661541888736e-06
1.29878423921363e-11
6.944364042622741e-12
5.185129577834514e-12
2.772410154126313e-12
2.861769914265396e-17
1.436689711817093e-05
5.705283539693379e-07
1.09521095764689e-10
2.337459709450305e-05
1.290086434682567e-10
1.965793621446291e-10
1.484580246671482e-09
2.74098645570694e-10
1.799786983877424e-14
1.899081860942467e-09
1.247094898465966e-13
1.81916537006932e-13

qh= 0.0003201035268782398
psi= 144.7811740375141
nad= 0.002572488035841443
pyr= 0.004901621325866733
suc= 0.003831673415438226
fum= 1.640070802948095
oa= 0.0002477904017270181
cit= 0.001628074908350259
c1c= 0.2621525722853993
