3.002166648990554e-13
2.496751716780456e-12
2.337189488875702e-10
9.311086267898471e-13
5.343950229587239e-09
8.568135153252933e-10
1.058622917894004e-12
6.497145852871596e-09
9.472674010404477e-08
3.004989875431769e-09
7.447981788802052e-05
1.081135396062458e-07
2.577400371794695e-07
1.557330116252901e-09
5.647779613158895e-08
8.7197381804822e-07
1.968471024347272e-07
2.095406674484562e-07
3.23581353324261e-06
2.409215638186224e-07
4.711310216891593e-06
4.750284306849995e-05
0.000726157435614378
6.334865326430301e-09
8.566328931660244e-10
1.026873060891947e-10
3.393174472408389e-09
2.925065618130978e-09
1.40221241001737e-08
1.25847818083931e-08
1.077051849843848e-08
1.715200675940771e-08
3.158238850267277e-07
1.650967955573414e-07
0.0001943020930724526
9.965216744326875e-08
5.570132016245557e-05
1.44906324827864e-09
3.258518438779069e-07
2.510022768969904e-05
9.174570841514749e-07
1.208653358149526e-06
9.334997834723624e-05
1.123397325533727e-06
2.877135476491111e-05
0.0004458822501336194
0.00070056620254643
1.712562280777884e-08
1.087317559660139e-10
2.837514467526313e-10
9.322287441053562e-09
4.488902640106779e-10
4.223578483494197e-08
3.456676010610693e-08
1.414980915748528e-09
5.163514794034299e-08
9.27739666281556e-07
4.381014036978023e-08
0.0005855515077584935
2.732249533508774e-07
0.0001550175687826896
4.203418666262347e-09
8.963952907007638e-07
6.99350918732345e-05
2.763961772854624e-06
3.324368103973113e-06
0.000260090545733638
3.383234575041802e-06
8.319347584593992e-05
0.001271481795306732
0.00827445358905621
1.779562855744306e-08
5.722777216793876e-07
3.099457710295562e-10
5.878432658142454e-08
2.582770158838613e-07
1.972606275555944e-07
2.179911677540013e-07
9.602795263615058e-07
2.415404410755799e-07
5.692195450265435e-06
4.799332113339822e-06
0.002730748469200755
0.0001006794006208003
0.0001316001636426107
1.110838288176564e-06
4.610477561044831e-05
0.000430571237952046
8.218357836430077e-06
0.0001714533306039899
0.001598834259451236
1.121342263527388e-05
0.0009563517948843681
0.01143538427129371
0.1013051415481293
1.996148306299436e-09
2.764953497838093e-09
3.675040301281646e-11
6.664656780886086e-09
1.258475311303615e-09
2.498069964458694e-08
2.470940922899352e-08
4.64701399505993e-09
3.05713927167938e-08
6.846242246135741e-07
3.677164314451529e-08
0.0003459905418095325
1.116781147594835e-05
1.528457176782668e-05
1.344024439716353e-07
5.124019883572315e-06
5.002379014193254e-05
1.036886920978796e-06
1.9054820501077e-05
0.0001857427662316628
1.408621466135303e-06
0.0001081828952558851
0.001329475639844274
0.01284569025256216
7.2671797505773e-07
5.669235484887566e-08
1.075733531990326e-08
3.338787106812771e-07
1.883514728790975e-07
7.490498260373622e-08
1.241594044253073e-06
6.905760453410661e-07
1.028271014800706e-07
7.129943122172484e-06
4.973850142005362e-06
0.0009169805854544512
1.271588185194689e-05
0.009128723935330487
1.450603533532903e-07
3.758910815349292e-05
0.004037491252260426
6.378826056900489e-06
0.000139738200126173
0.01501968321724282
8.762370810420176e-06
0.001051017383946358
0.0444360798779396
0.07799686487603348
4.976567227211459e-11
1.954933786169278e-09
6.592025229483549e-09
4.941357107758203e-06
2.238368391499958e-07
1.701945245532195e-07
6.077782831263247e-07
0.0001849158960002245
1.553653551326467e-08
1.194996348152716e-08
4.264430712803477e-08
1.319696851380486e-05
2.520156182656384e-07
1.140750164134681e-06
4.089257809132358e-06
0.001126908666411384
1.675923521290045e-10
1.662915869781839e-11
3.086620026408307e-12
5.658763730506904e-10
8.432562906510255e-12
2.28676149897738e-09
2.097658432929162e-09
2.854480231383738e-11
2.797290304659623e-09
6.064386049881265e-08
1.428648627508201e-09
3.168579904866003e-05
9.326569133110976e-07
1.315752673762322e-06
1.171265368300049e-08
4.285002430646669e-07
4.307339778254194e-06
9.448840984164547e-08
1.593457303433095e-06
1.599323595536783e-05
1.277836709132749e-07
9.172358318854075e-06
0.0001146551437462972
0.001176786851518634
6.345912878815925e-08
4.896189633721616e-09
9.588621207499098e-10
2.917546038573406e-08
1.627893322380471e-08
6.840115166094254e-09
1.084940704392994e-07
5.965942722567498e-08
9.364347734481198e-09
6.27787653462702e-07
4.305223668609823e-07
8.401050632877054e-05
1.151176842445519e-06
0.0008289336450032982
1.31650497549657e-08
3.402042338728352e-06
0.0003666262475197418
5.826687902472809e-07
1.26471540457017e-05
0.001363869148746923
7.997845571174372e-07
9.52266911925853e-05
0.004035741178112014
0.007131107078805588
4.313449902396024e-09
1.44479495622099e-08
1.160491209391812e-05
2.933528631035171e-08
1.705509132166906e-07
5.759350646011548e-07
0.0004250247476859073
1.742028657256653e-09
1.199505644839065e-08
4.045137056215862e-08
3.028933632325662e-05
2.619947344431787e-08
7.993046312752312e-07
2.70066334793298e-06
0.001981190279013935
4.753544286832044e-09
3.592029314145347e-08
1.210563468362762e-07
9.12758286918329e-05
7.568028142132214e-08
2.399072209913896e-06
8.102611187097224e-06
0.005970273239927708
5.1468649372981e-09
1.704118776993317e-07
5.752922312420161e-07
0.0004259304949732262
2.138200232467115e-05
1.560833617957258e-05
5.588010719031731e-05
0.01593473145896605
6.021006289132642e-10
2.144758804701761e-08
7.235582038203812e-08
5.396061594757921e-05
2.573993227273586e-06
1.917053333813062e-06
6.85470866450533e-06
0.002019498447721514
1.750210203371003e-07
1.329045374992898e-07
4.74650858495345e-07
0.0001440856596927834
2.777214438512913e-06
1.253833602858347e-05
4.495447782123632e-05
0.0000016
0.0
0.00
0.00
0.00
0.00
0.0
0.0
0.0
0.0
0.0
0.0
0.00
0.00
0.00
0.00
0.0
0.0
0.0
0.0
0.0
0.0
0.00
0.00
0.00
0.00
0.0
0.0
0.0
0.0
0.0
0.0

0.0
0.0
0.0
0.0
0.0
0.0
0.0
0.0
0.0
0.0
0.0
0.0
0.0
0.0
0.0
0.0
0.0
0.0
0.0
0.0
0.0
0.0
0.0
0.0
0.0
0.0
0.0
0.0
0.0
0.0
0.0
0.0
0.0
0.0
0.0
0.0
0.0
0.0
0.0
0.0
0.0
0.0
0.0
0.0
0.0
0.0
0.0
0.0
0.0
0.0
0.0
0.0
0.0
0.0
0.0
0.0
0.0
0.0
0.0
0.0
0.0
0.0
0.0
0.0
0.0
0.0
0.0
0.0
0.0
0.0
0.0
0.0
0.0
0.0
0.0
0.0
0.0
0.0
0.0
0.0
0.0
0.0
0.0
0.0
0.0
0.0
0.0
0.0
0.0
0.0
0.0
0.0
0.0
0.0
0.0
0.2
0.0
0.0
0.0
0.0
0.0
0.0
0.0
0.0
0.0
0.0
0.0
0.15
0.0
0.0
0.0
0.0
0.0
0.0
0.0
0.
0.0
0.0
0.0
0.0
0.0
0.0
0.
0.0
0.0
0.0
0.0
0.0
0.0
0.0
0.
0.0
0.0
0.0
0.0
0.0
0.0
0.
0.0
0.0
0.0
0.0
0.0
0.15
bc15= 0.1
qh= 1
psi= 162.4331657954561
nad= 17
pyr= 0.0
suc= 0.0
fum= 2.0
oa= 0.0
cit= 0.0
c1c= 0.2621525722853993
