Time(min) prod ROS nad suc fum Bypass qh q Hi fmnh psi fc1 fsdh n2 oaa pyr cit lkc1 ros
0.02 22.963 0.00726908 -1.80549e-15 0 10.2223 0 3.03791 0 7.26761 0x634d88 149.388 -0.0372234 143.272 0 0 0 0 1406.79 0
0.04 20.6263 0.00318809 -7.40215e-17 0 10.9496 0 1.26019 0 7.26761 0x634d88 146.618 0.00101061 150.85 0 0 0 0 1261.41 0
0.06 15.882 0.00090527 -7.08887e-16 0 11.6759 0 0.256922 0 7.26761 0x634d88 140.505 -0.00218775 158.328 0 0 0 0 990.912 0
0.08 13.779 0.000486473 4.94753e-20 0 12.4005 0 0.146335 0 7.26761 0x634d88 135.75 -1.27095e-08 165.938 0 0 0 0 828.249 0
0.1 14.2844 0.000545603 6.4469e-29 0 13.1232 0 0.162798 0 7.26761 0x634d88 136.424 -3.05939e-17 173.352 0 0 0 0 851.362 0
0.12 14.8732 0.000635862 1.04018e-31 0 13.844 0 0.186959 0 7.26761 0x634d88 137.484 -2.04081e-18 180.746 0 0 0 0 887.108 0
0.14 15.4599 0.000739257 -9.62758e-33 0 14.5629 0 0.215987 0 7.26761 0x634d88 138.505 1.28146e-20 188.119 0 0 0 0 922.932 0
0.16 16.038 0.000856239 -1.0053e-42 0 15.2797 0 0.250836 0 7.26761 0x634d88 139.471 3.10529e-28 195.473 0 0 0 0 958.141 0
0.18 16.6054 0.000988562 -1.4934e-44 0 15.9947 0 0.292971 0 7.26761 0x634d88 140.382 1.79547e-30 202.806 0 0 0 0 992.604 0
0.2 17.1604 0.00113842 1.36864e-44 0 16.7077 0 0.344232 0 7.26761 0x634d88 141.241 8.99126e-34 210.119 0 0 0 0 1026.22 0
0.22 17.7011 0.00130839 -7.7122e-55 0 17.4188 0 0.406814 0 7.26761 0x634d88 142.048 4.91557e-40 217.412 0 0 0 0 1058.9 0
0.24 18.253 0.0015013 4.5585e-56 0 18.1279 0 0.483181 0 7.26761 0x634d88 142.807 5.04152e-44 225.066 0 0 0 0 1092.17 0
0.26 18.7607 0.00172086 -1.00849e-59 0 18.8351 0 0.576163 0 7.26761 0x634d88 143.519 1.87307e-47 232.316 0 0 0 0 1122.71 0
0.28 19.2516 0.00197059 7.31199e-67 0 19.5402 0 0.688334 0 7.26761 0x634d88 144.188 -8.02633e-54 239.544 0 0 0 0 1152.15 0
0.3 19.7272 0.00225566 -1.82475e-67 0 20.2434 0 0.822555 0 7.26761 0x634d88 144.818 6.32856e-56 246.75 0 0 0 0 1180.6 0
0.32 20.1892 0.00258206 1.2081e-75 0 20.9445 0 0.981426 0 7.26761 0x634d88 145.414 -6.91949e-61 253.933 0 0 0 0 1208.17 0
0.34 20.6383 0.00295642 4.9851e-79 0 21.6435 0 1.16696 0 7.26761 0x634d88 145.979 -1.77007e-68 261.093 0 0 0 0 1234.92 0
0.36 21.0766 0.00338803 4.51177e-83 0 22.3404 0 1.38141 0 7.26761 0x634d88 146.517 7.98835e-71 268.227 0 0 0 0 1260.96 0
0.38 21.5042 0.00388723 3.02162e-89 0 23.0351 0 1.6263 0 7.26761 0x634d88 147.03 2.14406e-76 275.335 0 0 0 0 1286.31 0
0.4 21.922 0.00446832 1.24298e-92 0 23.7276 0 1.90361 0 7.26761 0x634d88 147.521 -3.41904e-80 282.414 0 0 0 0 1311.01 0
0.42 22.3291 0.00514824 -1.55783e-98 0 24.4176 0 2.21459 0 7.26761 0x634d88 147.988 6.52873e-85 289.461 0 0 0 0 1335.03 0
0.44 22.7257 0.00595027 2.37043e-100 0 25.105 0 2.56092 0 7.26761 0x634d88 148.435 -7.32671e-89 296.471 0 0 0 0 1358.35 0
0.46 23.1313 0.00690545 8.54024e-106 0 25.7896 0 2.94416 0 7.26761 0x634d88 148.86 4.5277e-93 303.802 0 0 0 0 1382.11 0
0.48 23.5045 0.00805495 -1.27829e-108 0 26.471 0 3.36519 0 7.26761 0x634d88 149.264 1.57967e-97 310.707 0 0 0 0 1403.89 0
0.5 23.8659 0.0094592 -7.57729e-115 0 27.1485 0 3.82515 0 7.26761 0x634d88 149.647 -5.18052e-103 317.531 0 0 0 0 1424.88 0
0.52 24.2147 0.0112059 1.40934e-116 0 27.8211 0 4.32362 0 7.26761 0x634d88 150.01 5.64858e-105 324.228 0 0 0 0 1445.05 0
0.54 24.5505 0.0134443 -6.70179e-117 0 28.4865 0 4.85887 0 7.26761 0x634d88 150.353 -4.81171e-103 330.678 0 0 0 0 1464.38 0
0.56 24.8698 0.0165198 -1.4824e-113 0 29.139 0 5.4233 0 7.26761 0x634d88 150.674 2.12676e-102 336.489 0 0 0 0 1482.75 0
0.58 25.1473 0.0226573 -3.82667e-116 0 29.7546 0 5.98142 0 7.26761 0x634d88 150.96 3.39905e-105 339.12 0 0 0 0 1499.15 0
0.6 23.709 0.108018 2.7242e-114 0 30.047 0 6.31206 0 7.26761 0x634d88 149.276 -3.35028e-104 290.285 0 0 0 0 1395.41 0
0.62 -0.119779 0.341301 7.76554e-122 0 26.8631 0 6.32949 0 7.26761 0x634d88 63.8402 -7.56676e-112 -4.24433 0 0 0 0 47.1876 0
0.64 0.0816051 0.341197 4.57613e-72 0 21.8012 0 6.32937 0 7.26761 0x634d88 21.884 -2.46594e-61 0.593873 0 0 0 0 9.56614 0
0.66 0.102307 0.341188 -1.44847e-82 0 17.7116 0 6.32936 0 7.26761 0x634d88 13.6276 1.83337e-71 0.832837 0 0 0 0 7.05257 0
0.68 0.115089 0.341182 3.94029e-88 0 14.389 0 6.32936 0 7.26761 0x634d88 12.7512 -6.14609e-78 0.903523 0 0 0 0 6.84067 0
0.7 0.131517 0.341175 4.78889e-94 0 11.6964 0 6.32935 0 7.26761 0x634d88 14.1787 -5.46697e-85 0.98846 0 0 0 0 7.24102 0
0.72 0.155901 0.341163 1.71195e-93 0 9.5108 0 6.32934 0 7.26761 0x634d88 17.299 -7.64291e-83 1.12522 0 0 0 0 8.18312 0
0.74 0.198357 0.341144 8.21963e-100 0 7.74061 0 6.32932 0 7.26761 0x634d88 22.607 4.16085e-87 1.38745 0 0 0 0 10.0667 0
0.76 0.298423 0.341096 1.45153e-96 0 6.31211 0 6.32927 0 7.26761 0x634d88 32.3684 -1.34824e-90 2.05869 0 0 0 0 14.7239 0
0.78 0.954917 0.340751 1.4836e-102 0 5.1863 0 6.32892 0 7.26761 0x634d88 59.197 -1.89348e-92 6.7714 0 0 0 0 41.9179 0
0.8 23.9982 0.0120459 3.38703e-113 0 5.3193 0 4.47404 0 7.26761 0x634d88 150.718 9.18311e-102 92.5568 0 0 0 0 1483.68 0
0.82 21.4185 0.00414911 4.33197e-116 0 6.05919 0 1.71368 0 7.26761 0x634d88 147.729 8.81556e-104 100.306 0 0 0 0 1320.51 0
0.84 11.4369 0.000358649 9.77655e-124 0 6.79859 0 0.100132 0 7.26761 0x634d88 136.156 2.31889e-112 108.125 0 0 0 0 821.36 0
0.86 9.61991 0.000146729 1.61057e-133 0 7.53625 0 0.060177 0 7.26761 0x634d88 127.157 -6.91804e-121 115.829 0 0 0 0 591.17 0
0.88 10.1948 0.000163735 -2.51597e-139 0 8.27196 0 0.0669743 0 7.26761 0x634d88 127.389 3.0081e-126 123.376 0 0 0 0 598.721 0
0.9 10.8064 0.000198156 -1.00507e-141 0 9.00571 0 0.0762805 0 7.26761 0x634d88 128.814 5.33433e-129 130.904 0 0 0 0 633.064 0
0.92 11.4236 0.000241417 -7.85241e-142 0 9.7375 0 0.087135 0 7.26761 0x634d88 130.36 -1.22266e-129 138.411 0 0 0 0 672.192 0
0.94 12.0396 0.000291785 -5.15905e-146 0 10.4673 0 0.099482 0 7.26761 0x634d88 131.821 1.87369e-133 145.898 0 0 0 0 711.352 0
0.96 12.6521 0.000349438 -4.09355e-152 0 11.1952 0 0.113544 0 7.26761 0x634d88 133.182 1.16442e-139 153.366 0 0 0 0 749.891 0
0.98 13.2609 0.000415082 -8.43486e-153 0 11.9212 0 0.129695 0 7.26761 0x634d88 134.454 1.64021e-139 160.813 0 0 0 0 787.807 0
1 13.865 0.000489584 3.62591e-155 0 12.6452 0 0.148414 0 7.26761 0x634d88 135.648 1.5596e-143 168.241 0 0 0 0 825.167 0
1.02 14.4638 0.000573958 2.44296e-156 0 13.3672 0 0.17032 0 7.26761 0x634d88 136.773 -2.86374e-148 175.648 0 0 0 0 861.987 0
1.04 15.0868 0.000669366 4.013e-165 0 14.0873 0 0.196193 0 7.26761 0x634d88 137.835 -2.78634e-155 183.424 0 0 0 0 900.153 0
1.06 15.6707 0.000777215 5.35637e-166 0 14.8055 0 0.227054 0 7.26761 0x634d88 138.838 -8.06834e-153 190.79 0 0 0 0 935.785 0
1.08 16.2452 0.000899164 8.72694e-167 0 15.5218 0 0.264184 0 7.26761 0x634d88 139.785 -1.99192e-154 198.136 0 0 0 0 970.735 0
1.1 16.8085 0.00103722 4.60153e-171 0 16.2361 0 0.309203 0 7.26761 0x634d88 140.679 -1.04089e-158 205.462 0 0 0 0 1004.92 0
1.12 17.3583 0.00119352 -3.15026e-180 0 16.9484 0 0.364012 0 7.26761 0x634d88 141.519 1.5848e-167 212.768 0 0 0 0 1038.2 0
1.14 17.8933 0.00137087 -9.87876e-179 0 17.6588 0 0.430955 0 7.26761 0x634d88 142.31 -7.38367e-166 220.053 0 0 0 0 1070.5 0
1.16 18.4125 0.00157248 5.90933e-183 0 18.3673 0 0.512665 0 7.26761 0x634d88 143.053 -1.25316e-171 227.317 0 0 0 0 1101.77 0
1.18 18.9146 0.00180158 1.5867e-191 0 19.0738 0 0.611751 0 7.26761 0x634d88 143.75 1.67574e-178 234.56 0 0 0 0 1131.94 0
1.2 19.4008 0.00206279 2.14329e-190 0 19.7783 0 0.731135 0 7.26761 0x634d88 144.405 -1.08306e-182 241.782 0 0 0 0 1161.07 0
1.22 19.8721 0.00236119 -1.96736e-198 0 20.4807 0 0.873453 0 7.26761 0x634d88 145.023 1.00228e-184 248.981 0 0 0 0 1189.25 0
1.24 20.3297 0.00270278 -4.25231e-201 0 21.1811 0 1.04102 0 7.26761 0x634d88 145.608 -4.43577e-189 256.157 0 0 0 0 1216.54 0
1.26 20.7987 0.00309559 6.0794e-207 0 21.8795 0 1.2362 0 7.26761 0x634d88 146.164 -9.88374e-193 263.685 0 0 0 0 1244.45 0
1.28 21.2329 0.00354854 -5.77615e-212 0 22.5756 0 1.46067 0 7.26761 0x634d88 146.693 5.81548e-200 270.81 0 0 0 0 1270.23 0
1.3 21.6571 0.00407402 -9.25382e-216 0 23.2696 0 1.71648 0 7.26761 0x634d88 147.199 -3.36129e-204 277.907 0 0 0 0 1295.36 0
1.32 22.0709 0.0046861 3.00726e-221 0 23.9612 0 2.00489 0 7.26761 0x634d88 147.681 1.51938e-208 284.975 0 0 0 0 1319.8 0
1.34 22.4743 0.00540442 5.38798e-223 0 24.6504 0 2.32767 0 7.26761 0x634d88 148.142 -2.47329e-211 292.01 0 0 0 0 1343.57 0
1.36 22.867 0.00625456 2.36556e-229 0 25.3369 0 2.68642 0 7.26761 0x634d88 148.581 6.39814e-217 299.004 0 0 0 0 1366.64 0
1.38 23.2483 0.00726978 -2.95858e-233 0 26.0204 0 3.08221 0 7.26761 0x634d88 148.999 3.80092e-222 305.951 0 0 0 0 1388.95 0
1.4 23.618 0.00849811 3.07806e-237 0 26.7006 0 3.51651 0 7.26761 0x634d88 149.396 -1.97305e-225 312.834 0 0 0 0 1410.49 0
1.42 23.9754 0.0100058 -1.60448e-240 0 27.3766 0 3.98942 0 7.26761 0x634d88 149.772 1.68602e-228 319.626 0 0 0 0 1431.22 0
1.44 24.3204 0.0118974 2.74418e-242 0 28.0471 0 4.50071 0 7.26761 0x634d88 150.128 -1.36866e-230 326.263 0 0 0 0 1451.14 0
1.46 24.6518 0.0143606 4.27325e-246 0 28.7091 0 5.04737 0 7.26761 0x634d88 150.464 -1.94831e-234 332.585 0 0 0 0 1470.2 0
1.48 24.9791 0.0179464 -8.91457e-243 0 29.3539 0 5.61689 0 7.26761 0x634d88 150.777 7.777e-232 338.168 0 0 0 0 1489.09 0
1.5 25.1903 0.0290913 -9.5611e-247 0 29.9339 0 6.14136 0 7.26761 0x634d88 151.01 5.79433e-235 336.689 0 0 0 0 1501.44 0
1.52 17.69 0.22497 3.04701e-244 0 29.6929 0 6.3272 0 7.26761 0x634d88 142.229 -1.09197e-234 201.269 0 0 0 0 991.738 0
1.54 0.0409122 0.341211 2.67457e-24 0 25.0351 0 6.32939 0 7.26761 0x634d88 -145.686 5.68169e-17 0.00652569 0 0 0 0 0.0256236 0
1.56 0.0932189 0.341192 -8.19161e-77 0 20.3253 0 6.32937 0 7.26761 0x634d88 17.168 1.12606e-63 0.753518 0 0 0 0 7.9851 0
1.58 0.106482 0.341186 1.16836e-83 0 16.5122 0 6.32936 0 7.26761 0x634d88 12.9237 1.319e-73 0.857477 0 0 0 0 6.87106 0
1.6 0.120086 0.34118 1.81222e-89 0 13.4188 0 6.32936 0 7.26761 0x634d88 13.0121 -8.78013e-78 0.928239 0 0 0 0 6.91696 0
1.62 0.13858 0.341171 -3.17119e-91 0 10.9072 0 6.32935 0 7.26761 0x634d88 15.0047 -1.50758e-80 1.02567 0 0 0 0 7.48733 0
1.64 0.167351 0.341158 -1.0037e-89 0 8.87124 0 6.32933 0 7.26761 0x634d88 18.7457 1.90842e-79 1.19235 0 0 0 0 8.67381 0
1.66 0.221415 0.341133 8.24135e-94 0 7.22337 0 6.32931 0 7.26761 0x634d88 25.1044 -6.18537e-85 1.53608 0 0 0 0 11.1312 0
1.68 0.374846 0.341061 2.12832e-96 0 5.89698 0 6.32923 0 7.26761 0x634d88 37.6801 -7.18077e-86 2.58657 0 0 0 0 18.2481 0
1.7 4.5012 0.337552 1.5793e-106 0 4.92064 0 6.32676 0 7.26761 0x634d88 94.7651 -6.80817e-97 33.4346 0 0 0 0 196.519 0
1.72 23.2852 0.0085733 -1.26468e-112 0 5.55974 0 3.48034 0 7.26761 0x634d88 149.935 2.58325e-100 95.1921 0 0 0 0 1437.5 0
1.74 19.8 0.00263249 1.52933e-117 0 6.29976 0 0.980238 0 7.26761 0x634d88 146.003 -1.28268e-103 103.027 0 0 0 0 1224.78 0
1.76 9.54022 0.000176376 -5.19541e-124 0 7.03868 0 0.0618128 0 7.26761 0x634d88 130.299 2.91339e-109 110.423 0 0 0 0 669.171 0
1.78 9.78588 0.000148832 1.35711e-131 0 7.7757 0 0.0619234 0 7.26761 0x634d88 126.924 1.39853e-117 118.143 0 0 0 0 587.029 0
1.8 10.3806 0.000173653 1.34737e-133 0 8.51077 0 0.0698006 0 7.26761 0x634d88 127.803 1.42905e-120 125.685 0 0 0 0 607.977 0
1.82 10.9953 0.000211396 -4.52601e-138 0 9.24388 0 0.0796511 0 7.26761 0x634d88 129.32 4.67459e-126 133.206 0 0 0 0 644.903 0
1.84 11.6125 0.000257026 -3.7246e-137 0 9.97504 0 0.0909781 0 7.26761 0x634d88 130.846 1.30044e-124 140.707 0 0 0 0 684.25 0
1.86 12.2276 0.000309701 6.97711e-145 0 10.7042 0 0.103848 0 7.26761 0x634d88 132.274 -1.3371e-129 148.188 0 0 0 0 723.234 0
1.88 12.8712 0.000369868 5.97376e-147 0 11.4315 0 0.118546 0 7.26761 0x634d88 133.605 1.08502e-134 156.042 0 0 0 0 763.571 0
1.9 13.4783 0.00043829 -7.52877e-152 0 12.1568 0 0.135474 0 7.26761 0x634d88 134.85 5.50341e-138 163.482 0 0 0 0 801.282 0
1.92 14.0806 0.000515883 -1.53386e-150 0 12.8802 0 0.155152 0 7.26761 0x634d88 136.021 3.89333e-138 170.902 0 0 0 0 838.45 0
1.94 14.6771 0.000603707 2.95638e-157 0 13.6016 0 0.178251 0 7.26761 0x634d88 137.125 5.28491e-143 178.303 0 0 0 0 875.08 0
1.96 15.2666 0.000702994 -5.15964e-160 0 14.3211 0 0.205625 0 7.26761 0x634d88 138.167 4.55757e-147 185.683 0 0 0 0 911.137 0
1.98 15.8478 0.000815235 5.1028e-162 0 15.0387 0 0.238369 0 7.26761 0x634d88 139.152 -1.64088e-152 193.043 0 0 0 0 946.57 0
2 16.4193 0.00094223 -5.41822e-166 0 15.7543 0 0.277885 0 7.26761 0x634d88 140.081 4.14165e-153 200.383 0 0 0 0 981.309 0
2.02 16.9784 0.00108588 -2.66557e-174 0 16.4679 0 0.325833 0 7.26761 0x634d88 140.957 -2.0285e-161 207.703 0 0 0 0 1015.21 0
2.04 17.5239 0.00124874 -3.9388e-173 0 17.1797 0 0.384328 0 7.26761 0x634d88 141.782 -2.40731e-162 215.002 0 0 0 0 1048.2 0
2.06 18.0543 0.00143369 1.68341e-178 0 17.8894 0 0.455807 0 7.26761 0x634d88 142.557 -9.91437e-167 222.281 0 0 0 0 1080.21 0
2.08 18.5679 0.00164367 -2.24378e-187 0 18.5972 0 0.542803 0 7.26761 0x634d88 143.284 1.15301e-173 229.539 0 0 0 0 1111.12 0
2.1 19.0911 0.0018828 -7.05881e-189 0 19.3031 0 0.648227 0 7.26761 0x634d88 143.967 4.43043e-173 237.156 0 0 0 0 1142.52 0
2.12 19.5717 0.00215551 -7.70377e-194 0 20.0069 0 0.774793 0 7.26761 0x634d88 144.61 -8.29465e-181 244.369 0 0 0 0 1171.3 0
2.14 20.0377 0.0024671 -3.07489e-196 0 20.7087 0 0.925019 0 7.26761 0x634d88 145.217 6.3273e-184 251.56 0 0 0 0 1199.14 0
2.16 20.4912 0.00282465 -1.20757e-200 0 21.4084 0 1.10145 0 7.26761 0x634d88 145.792 1.12023e-188 258.727 0 0 0 0 1226.16 0
2.18 20.9328 0.00323569 2.32685e-207 0 22.1061 0 1.30586 0 7.26761 0x634d88 146.339 -4.03002e-195 265.87 0 0 0 0 1252.42 0
2.2 21.3641 0.00371104 -2.22397e-211 0 22.8015 0 1.54045 0 7.26761 0x634d88 146.86 -4.78382e-199 272.987 0 0 0 0 1278.01 0
2.22 21.7849 0.00426258 1.64626e-216 0 23.4947 0 1.80655 0 7.26761 0x634d88 147.358 2.62051e-204 280.076 0 0 0 0 1302.91 0
2.24 22.1956 0.00490687 -1.80582e-218 0 24.1856 0 2.10597 0 7.26761 0x634d88 147.833 -1.92033e-207 287.134 0 0 0 0 1327.16 0
2.26 22.5959 0.00566514 -1.47157e-225 0 24.8739 0 2.44038 0 7.26761 0x634d88 148.287 -2.78402e-212 294.157 0 0 0 0 1350.72 0
2.28 22.985 0.00656446 6.70902e-229 0 25.5595 0 2.81094 0 7.26761 0x634d88 148.719 6.87069e-217 301.138 0 0 0 0 1373.55 0
2.3 23.3629 0.00764326 -1.85076e-233 0 26.242 0 3.21924 0 7.26761 0x634d88 149.13 4.4526e-220 308.068 0 0 0 0 1395.64 0
2.32 23.7477 0.00895326 8.1005e-236 0 26.9209 0 3.66592 0 7.26761 0x634d88 149.52 -1.66439e-223 315.286 0 0 0 0 1418.02 0
2.34 24.1008 0.0105725 -9.73949e-241 0 27.5953 0 4.15163 0 7.26761 0x634d88 149.89 3.5627e-229 322.031 0 0 0 0 1438.47 0
2.36 24.4411 0.0126223 2.08545e-242 0 28.2636 0 4.67492 0 7.26761 0x634d88 150.239 -4.44016e-230 328.585 0 0 0 0 1458.08 0
2.38 24.7666 0.0153475 8.3765e-241 0 28.9215 0 5.23112 0 7.26761 0x634d88 150.569 -5.96858e-230 334.695 0 0 0 0 1476.8 0
2.4 25.0658 0.0197344 4.42415e-241 0 29.5553 0 5.80026 0 7.26761 0x634d88 150.872 -6.0712e-230 338.983 0 0 0 0 1494.21 0
2.42 25.0272 0.0480546 -1.50243e-242 0 30.0591 0 6.25413 0 7.26761 0x634d88 150.838 -5.7841e-230 324.766 0 0 0 0 1489.49 0
2.44 6.83399 0.332083 3.05249e-241 0 28.6717 0 6.32802 0 7.26761 0x634d88 114.869 -2.92362e-231 70.0424 0 0 0 0 359.522 0
2.46 0.0288241 0.341224 -2.75811e-52 0 23.3784 0 6.3294 0 7.26761 0x634d88 39.4502 -4.30519e-42 -0.548945 0 0 0 0 19.0806 0
2.48 0.0979885 0.34119 -7.12756e-80 0 18.9875 0 6.32937 0 7.26761 0x634d88 14.9202 7.12801e-70 0.79994 0 0 0 0 7.38898 0
2.5 0.11046 0.341184 -7.79695e-87 0 15.4239 0 6.32936 0 7.26761 0x634d88 12.6811 5.67734e-77 0.877965 0 0 0 0 6.81599 0
2.52 0.125211 0.341177 8.00926e-91 0 12.5358 0 6.32935 0 7.26761 0x634d88 13.4686 -4.48529e-80 0.953379 0 0 0 0 7.04324 0
2.54 0.146148 0.341168 1.2496e-91 0 10.1912 0 6.32934 0 7.26761 0x634d88 15.9923 -1.11781e-81 1.06666 0 0 0 0 7.7801 0
2.56 0.180349 0.341152 7.63434e-93 0 8.29126 0 6.32933 0 7.26761 0x634d88 20.4104 -3.85913e-82 1.27085 0 0 0 0 9.25096 0
2.58 0.250729 0.341119 -7.92029e-96 0 6.75497 0 6.32929 0 7.26761 0x634d88 28.0975 4.14353e-86 1.7293 0 0 0 0 12.4918 0
2.6 0.516193 0.34099 1.96787e-101 0 5.5267 0 6.32916 0 7.26761 0x634d88 45.3174 -5.98279e-91 3.58519 0 0 0 0 24.5391 0
2.62 24.666 0.018809 1.96773e-102 0 5.04381 0 5.66861 0 7.26761 0x634d88 151.393 1.02434e-88 89.428 0 0 0 0 1527.39 0
2.64 22.4948 0.0061674 5.23253e-101 0 5.78258 0 2.59966 0 7.26761 0x634d88 149.024 -1.69333e-87 97.5162 0 0 0 0 1387.25 0
2.66 17.5539 0.00136987 -3.5652e-105 0 6.52242 0 0.414555 0 7.26761 0x634d88 143.153 1.24578e-93 105.088 0 0 0 0 1104.35 0
2.68 9.44886 0.000151275 -1.14033e-115 0 7.2608 0 0.0591466 0 7.26761 0x634d88 128.06 6.05419e-103 112.948 0 0 0 0 610.079 0
2.7 9.96651 0.000154073 1.09131e-120 0 7.99724 0 0.0639842 0 7.26761 0x634d88 127.016 -1.75708e-107 120.503 0 0 0 0 589.614 0
2.72 10.5718 0.000183992 -8.78777e-123 0 8.73172 0 0.0725955 0 7.26761 0x634d88 128.237 4.68667e-109 128.038 0 0 0 0 618.765 0
2.74 11.1883 0.000224382 -3.8781e-125 0 9.46425 0 0.0829089 0 7.26761 0x634d88 129.788 6.35015e-112 135.553 0 0 0 0 657.162 0
2.76 11.8052 0.000272138 7.62456e-124 0 10.1948 0 0.0946821 0 7.26761 0x634d88 131.287 -3.61971e-117 143.048 0 0 0 0 696.499 0
2.78 12.4191 0.000326999 8.23284e-134 0 10.9234 0 0.108065 0 7.26761 0x634d88 132.685 -6.25784e-121 150.523 0 0 0 0 735.287 0
2.8 13.0294 0.000389563 4.96652e-134 0 11.6501 0 0.123387 0 7.26761 0x634d88 133.988 -5.72363e-121 157.978 0 0 0 0 773.428 0
2.82 13.6354 0.000460644 7.8114e-137 0 12.3748 0 0.141082 0 7.26761 0x634d88 135.21 -2.5071e-124 165.413 0 0 0 0 810.996 0
2.84 14.2677 0.000541203 3.20113e-141 0 13.0976 0 0.161714 0 7.26761 0x634d88 136.361 4.32993e-129 173.218 0 0 0 0 849.961 0
2.86 14.8621 0.00063233 -9.44296e-147 0 13.8185 0 0.185998 0 7.26761 0x634d88 137.445 -6.17724e-134 180.612 0 0 0 0 886.413 0
2.88 15.4493 0.000735354 -2.33505e-148 0 14.5374 0 0.214862 0 7.26761 0x634d88 138.47 -9.42132e-136 187.986 0 0 0 0 922.284 0
2.9 16.0279 0.000851867 4.50023e-152 0 15.2543 0 0.249498 0 7.26761 0x634d88 139.437 -9.07404e-140 195.34 0 0 0 0 957.512 0
2.92 16.5953 0.000983585 3.05717e-158 0 15.9694 0 0.291333 0 7.26761 0x634d88 140.351 -6.96185e-146 202.673 0 0 0 0 991.988 0
2.94 17.1504 0.00113278 4.84631e-162 0 16.6824 0 0.342232 0 7.26761 0x634d88 141.211 -5.75278e-150 209.987 0 0 0 0 1025.62 0
2.96 17.6916 0.00130208 -4.97699e-164 0 17.3936 0 0.404411 0 7.26761 0x634d88 142.021 1.05477e-151 217.28 0 0 0 0 1058.34 0
2.98 18.2165 0.00149405 1.13153e-171 0 18.1028 0 0.480216 0 7.26761 0x634d88 142.781 -6.81618e-159 224.552 0 0 0 0 1089.98 0
3 18.7251 0.00171239 -1.04417e-171 0 18.81 0 0.57247 0 7.26761 0x634d88 143.494 2.67879e-159 231.803 0 0 0 0 1120.56 0
3.02 19.2176 0.00196124 -2.04121e-176 0 19.5152 0 0.684028 0 7.26761 0x634d88 144.165 6.34847e-164 239.033 0 0 0 0 1150.11 0
3.04 19.6941 0.00224491 -1.44335e-184 0 20.2184 0 0.817403 0 7.26761 0x634d88 144.796 3.12609e-171 246.241 0 0 0 0 1178.62 0
3.06 20.1811 0.00256978 4.17981e-188 0 20.9196 0 0.975384 0 7.26761 0x634d88 145.393 3.9102e-174 253.803 0 0 0 0 1207.69 0
3.08 20.6304 0.00294229 -1.92746e-192 0 21.6187 0 1.15992 0 7.26761 0x634d88 145.959 3.54722e-181 260.963 0 0 0 0 1234.44 0
3.1 21.0686 0.00337144 -1.94423e-194 0 22.3157 0 1.37319 0 7.26761 0x634d88 146.498 -3.52832e-184 268.098 0 0 0 0 1260.48 0
3.12 21.4966 0.00386827 -3.16982e-201 0 23.0105 0 1.6171 0 7.26761 0x634d88 147.012 1.07911e-188 275.206 0 0 0 0 1285.86 0
3.14 21.9143 0.00444588 -4.00299e-205 0 23.703 0 1.89309 0 7.26761 0x634d88 147.503 3.29263e-193 282.286 0 0 0 0 1310.56 0
3.16 22.3219 0.00512234 -5.74302e-210 0 24.3931 0 2.20303 0 7.26761 0x634d88 147.972 -6.29375e-197 289.334 0 0 0 0 1334.61 0
3.18 22.7187 0.00591954 -3.11929e-214 0 25.0806 0 2.54807 0 7.26761 0x634d88 148.419 2.09248e-202 296.344 0 0 0 0 1357.94 0
3.2 23.1045 0.00686867 -4.8107e-219 0 25.7653 0 2.92996 0 7.26761 0x634d88 148.845 1.14976e-206 303.307 0 0 0 0 1380.55 0
3.22 23.4785 0.0080105 3.74763e-223 0 26.4468 0 3.34968 0 7.26761 0x634d88 149.25 -1.38023e-210 310.221 0 0 0 0 1402.38 0
3.24 23.8406 0.00940384 3.78037e-226 0 27.1245 0 3.80807 0 7.26761 0x634d88 149.633 -3.49773e-214 317.052 0 0 0 0 1423.42 0
3.26 24.1906 0.0111371 1.21883e-232 0 27.7973 0 4.30541 0 7.26761 0x634d88 149.997 -3.80199e-219 323.759 0 0 0 0 1443.65 0
3.28 24.5446 0.0133543 5.61279e-230 0 28.463 0 4.83941 0 7.26761 0x634d88 150.341 -3.00891e-218 330.565 0 0 0 0 1464.04 0
3.3 24.8642 0.0163881 2.34969e-229 0 29.1161 0 5.40307 0 7.26761 0x634d88 150.664 -4.41116e-218 336.376 0 0 0 0 1482.44 0
3.32 25.1417 0.0222468 4.57346e-228 0 29.7344 0 5.96316 0 7.26761 0x634d88 150.958 -2.69223e-217 339.286 0 0 0 0 1499.12 0
3.34 23.8234 0.0989416 -1.12293e-227 0 30.0599 0 6.30844 0 7.26761 0x634d88 149.57 1.49159e-217 294.339 0 0 0 0 1403.58 0
3.36 -0.00483467 0.341275 -3.7733e-236 0 27.061 0 6.32946 0 7.26761 0x634d88 69.6946 -3.25665e-226 -3.14948 0 0 0 0 61.0423 0
3.38 0.0833964 0.341196 -3.38556e-71 0 21.9574 0 6.32937 0 7.26761 0x634d88 20.6483 -4.2102e-60 0.625359 0 0 0 0 9.2742 0
3.4 0.101742 0.341188 5.7103e-80 0 17.8377 0 6.32936 0 7.26761 0x634d88 13.2557 -1.06299e-68 0.830898 0 0 0 0 6.97167 0
3.42 0.114877 0.341182 -1.41507e-82 0 14.4914 0 6.32936 0 7.26761 0x634d88 12.5134 5.75559e-78 0.901801 0 0 0 0 6.78271 0
3.44 0.131073 0.341175 1.87659e-89 0 11.7793 0 6.32935 0 7.26761 0x634d88 13.9576 2.74563e-79 0.984412 0 0 0 0 7.19457 0
3.46 0.155097 0.341164 2.73973e-88 0 9.57793 0 6.32934 0 7.26761 0x634d88 17.0359 -6.67418e-78 1.11815 0 0 0 0 8.13047 0
3.48 0.196744 0.341145 1.02804e-92 0 7.79479 0 6.32932 0 7.26761 0x634d88 22.2224 -1.57793e-82 1.37386 0 0 0 0 9.9787 0
3.5 0.293425 0.341101 2.97047e-98 0 6.35642 0 6.32927 0 7.26761 0x634d88 31.6095 7.72388e-88 2.01956 0 0 0 0 14.4902 0
3.52 0.882167 0.340818 7.208e-98 0 5.21631 0 6.32899 0 7.26761 0x634d88 56.2838 -1.84258e-87 6.22685 0 0 0 0 39.0926 0
3.54 24.0928 0.0127358 4.65549e-110 0 5.26052 0 4.63808 0 7.26761 0x634d88 150.831 6.45285e-97 91.9119 0 0 0 0 1489.73 0
3.56 21.4926 0.00441991 4.50463e-115 0 6.00042 0 1.84004 0 7.26761 0x634d88 147.949 -7.78092e-103 99.941 0 0 0 0 1325.1 0
3.58 12.1967 0.000441303 2.62812e-114 0 6.73995 0 0.120012 0 7.26761 0x634d88 137.293 3.05161e-105 107.519 0 0 0 0 857.907 0
3.6 9.57187 0.000146008 1.80202e-123 0 7.47776 0 0.0597301 0 7.26761 0x634d88 127.194 1.75191e-111 115.162 0 0 0 0 592.1 0
3.62 10.1412 0.000161353 5.59342e-127 0 8.21362 0 0.0662941 0 7.26761 0x634d88 127.285 -2.68697e-114 122.712 0 0 0 0 596.028 0
3.64 10.7519 0.000195019 -4.59808e-131 0 8.94753 0 0.0754766 0 7.26761 0x634d88 128.688 1.88014e-117 130.241 0 0 0 0 629.654 0
3.66 11.3691 0.000237712 1.0544e-131 0 9.67947 0 0.0862198 0 7.26761 0x634d88 130.239 1.3338e-119 137.75 0 0 0 0 668.71 0
3.68 11.9853 0.000287519 -2.59974e-135 0 10.4095 0 0.098441 0 7.26761 0x634d88 131.708 6.58704e-123 145.239 0 0 0 0 707.923 0
3.7 12.5983 0.000344579 -1.6352e-142 0 11.1375 0 0.112356 0 7.26761 0x634d88 133.077 -1.78963e-129 152.708 0 0 0 0 746.52 0
3.72 13.2074 0.000409559 -1.89688e-144 0 11.8636 0 0.128326 0 7.26761 0x634d88 134.356 -2.5947e-130 160.157 0 0 0 0 784.487 0
3.74 13.8436 0.000483322 -6.63344e-144 0 12.5878 0 0.14682 0 7.26761 0x634d88 135.556 -2.48443e-131 167.977 0 0 0 0 823.849 0
3.76 14.4426 0.000566884 2.32045e-147 0 13.31 0 0.168451 0 7.26761 0x634d88 136.686 -4.62926e-135 175.385 0 0 0 0 860.697 0
3.78 15.0349 0.000661354 2.6282e-155 0 14.0302 0 0.193971 0 7.26761 0x634d88 137.753 -1.02191e-140 182.773 0 0 0 0 896.981 0
3.8 15.6196 0.00076816 -1.57624e-155 0 14.7486 0 0.224393 0 7.26761 0x634d88 138.76 -1.02255e-141 190.141 0 0 0 0 932.669 0
3.82 16.195 0.000888923 5.50208e-156 0 15.465 0 0.260972 0 7.26761 0x634d88 139.712 -2.77282e-143 197.489 0 0 0 0 967.684 0
3.84 16.7593 0.00102561 7.65642e-160 0 16.1794 0 0.305295 0 7.26761 0x634d88 140.609 -1.25938e-147 204.817 0 0 0 0 1001.94 0
3.86 17.3104 0.00118038 7.99423e-169 0 16.892 0 0.359248 0 7.26761 0x634d88 141.455 -7.84891e-157 212.125 0 0 0 0 1035.3 0
3.88 17.8468 0.00135595 1.11692e-166 0 17.6025 0 0.425138 0 7.26761 0x634d88 142.249 -2.74638e-156 219.412 0 0 0 0 1067.69 0
3.9 18.3673 0.00155547 -1.15218e-174 0 18.3111 0 0.50556 0 7.26761 0x634d88 142.996 2.48845e-160 226.678 0 0 0 0 1099.06 0
3.92 18.8709 0.00178225 -2.7464e-178 0 19.0178 0 0.603169 0 7.26761 0x634d88 143.696 7.26074e-169 233.923 0 0 0 0 1129.32 0
3.94 19.3588 0.00204093 -8.86632e-183 0 19.7224 0 0.720926 0 7.26761 0x634d88 144.355 3.3089e-170 241.146 0 0 0 0 1158.57 0
3.96 19.8555 0.00233597 1.61629e-189 0 20.425 0 0.86124 0 7.26761 0x634d88 144.975 2.45406e-177 248.725 0 0 0 0 1188.26 0
3.98 20.3136 0.00267387 7.4103e-190 0 21.1256 0 1.02672 0 7.26761 0x634d88 145.562 -2.29743e-178 255.902 0 0 0 0 1215.59 0
4 20.7599 0.00306235 1.99743e-197 0 21.8241 0 1.21966 0 7.26761 0x634d88 146.121 -3.76935e-184 263.055 0 0 0 0 1242.15 0
4.02 21.195 0.00351011 -5.12128e-201 0 22.5204 0 1.44173 0 7.26761 0x634d88 146.652 2.56337e-189 270.183 0 0 0 0 1267.98 0
4.04 21.6201 0.00402933 -3.44973e-205 0 23.2146 0 1.695 0 7.26761 0x634d88 147.159 3.33532e-193 277.283 0 0 0 0 1293.17 0
4.06 22.0348 0.00463387 -8.72058e-212 0 23.9064 0 1.98074 0 7.26761 0x634d88 147.644 1.50145e-198 284.353 0 0 0 0 1317.67 0
4.08 22.4393 0.00534328 -2.56772e-215 0 24.5957 0 2.30089 0 7.26761 0x634d88 148.106 1.76113e-202 291.391 0 0 0 0 1341.52 0
4.1 22.8328 0.0061815 2.66764e-219 0 25.2825 0 2.65658 0 7.26761 0x634d88 148.547 -8.53561e-207 298.389 0 0 0 0 1364.63 0
4.12 23.2151 0.00718207 -3.98169e-222 0 25.9663 0 3.04938 0 7.26761 0x634d88 148.966 -6.09328e-212 305.341 0 0 0 0 1387.01 0
4.14 23.5858 0.00839122 -5.32672e-228 0 26.6467 0 3.48055 0 7.26761 0x634d88 149.365 5.30764e-216 312.231 0 0 0 0 1408.62 0
4.16 23.9444 0.00987352 5.43764e-230 0 27.3231 0 3.95038 0 7.26761 0x634d88 149.743 -1.72231e-217 319.032 0 0 0 0 1429.43 0
4.18 24.3084 0.0117303 1.47212e-234 0 27.9941 0 4.45892 0 7.26761 0x634d88 150.1 3.6329e-222 326.032 0 0 0 0 1450.45 0
4.2 24.6402 0.0141364 -7.34928e-235 0 28.657 0 5.00284 0 7.26761 0x634d88 150.438 -1.97801e-223 332.37 0 0 0 0 1469.53 0
4.22 24.9532 0.0175775 -7.0766e-233 0 29.3039 0 5.57155 0 7.26761 0x634d88 150.754 -3.14946e-222 337.801 0 0 0 0 1487.57 0
4.24 25.1883 0.0269345 2.80245e-236 0 29.8944 0 6.10648 0 7.26761 0x634d88 151.006 1.00068e-224 337.097 0 0 0 0 1501.74 0
4.26 20.4423 0.193316 2.90862e-235 0 29.8219 0 6.32579 0 7.26761 0x634d88 144.835 -6.94641e-225 240.006 0 0 0 0 1174.55 0
4.28 0.0489304 0.341211 2.07205e-25 0 25.4612 0 6.32939 0 7.26761 0x634d88 -193.753 -6.0841e-17 0.00665685 0 0 0 0 0.004024 0
4.3 0.0912032 0.341193 1.03197e-71 0 20.6701 0 6.32937 0 7.26761 0x634d88 18.0886 -6.73801e-61 0.733536 0 0 0 0 8.3652 0
4.32 0.105331 0.341186 1.60291e-83 0 16.7933 0 6.32936 0 7.26761 0x634d88 13.0717 -6.58068e-69 0.851274 0 0 0 0 6.91394 0
4.34 0.118672 0.34118 -6.0267e-83 0 13.6441 0 6.32936 0 7.26761 0x634d88 12.9412 -2.25769e-72 0.921606 0 0 0 0 6.89401 0
4.36 0.136577 0.341172 -2.19095e-90 0 11.0922 0 6.32935 0 7.26761 0x634d88 14.8069 -1.31646e-78 1.01547 0 0 0 0 7.41664 0
4.38 0.164049 0.34116 -2.37443e-88 0 9.02116 0 6.32933 0 7.26761 0x634d88 18.3973 1.11939e-77 1.17335 0 0 0 0 8.53149 0
4.4 0.214515 0.341136 9.80665e-92 0 7.34459 0 6.32931 0 7.26761 0x634d88 24.4927 1.79334e-82 1.49192 0 0 0 0 10.812 0
4.42 0.364391 0.34107 1.32895e-98 0 5.99578 0 6.32924 0 7.26761 0x634d88 36.3591 -1.95241e-86 2.51651 0 0 0 0 17.7848 0
4.44 2.79988 0.33961 -4.04866e-98 0 4.96954 0 6.32798 0 7.26761 0x634d88 80.1708 2.85797e-90 20.2811 0 0 0 0 105.865 0
4.46 23.4895 0.00927494 -1.77277e-103 0 5.50654 0 3.70685 0 7.26761 0x634d88 150.133 -1.53281e-91 94.5544 0 0 0 0 1450.71 0
4.48 20.1239 0.00296375 5.19916e-107 0 6.24656 0 1.14152 0 7.26761 0x634d88 146.475 -2.953e-94 102.611 0 0 0 0 1243.27 0
4.5 9.6323 0.000192501 3.68808e-114 0 6.98559 0 0.0644824 0 7.26761 0x634d88 131.258 -1.36702e-99 110.05 0 0 0 0 686.156 0
4.52 9.73522 0.000148105 5.17841e-121 0 7.72275 0 0.0615009 0 7.26761 0x634d88 126.95 -2.65168e-108 117.454 0 0 0 0 587.585 0
4.54 10.3572 0.000171361 9.81348e-125 0 8.45796 0 0.0691601 0 7.26761 0x634d88 127.707 -1.02869e-111 125.393 0 0 0 0 606.771 0
4.56 10.9715 0.000208399 6.0693e-130 0 9.19122 0 0.0788928 0 7.26761 0x634d88 129.208 -2.1632e-117 132.916 0 0 0 0 643.403 0
4.58 11.5887 0.00025351 3.2625e-129 0 9.92251 0 0.0901144 0 7.26761 0x634d88 130.74 5.14763e-117 140.418 0 0 0 0 682.731 0
4.6 12.2038 0.000305669 -9.39015e-134 0 10.6519 0 0.102865 0 7.26761 0x634d88 132.175 1.57012e-120 147.899 0 0 0 0 721.737 0
4.62 12.8155 0.000365275 -3.099e-139 0 11.3792 0 0.11742 0 7.26761 0x634d88 133.512 -1.85949e-126 155.362 0 0 0 0 760.099 0
4.64 13.4231 0.000433074 2.78835e-141 0 12.1047 0 0.134171 0 7.26761 0x634d88 134.763 -3.37739e-128 162.804 0 0 0 0 797.862 0
4.66 14.0258 0.000509974 -1.52022e-142 0 12.8282 0 0.153632 0 7.26761 0x634d88 135.939 3.08399e-130 170.226 0 0 0 0 835.078 0
4.68 14.6229 0.000597031 -1.58352e-146 0 13.5498 0 0.176461 0 7.26761 0x634d88 137.048 5.21002e-134 177.628 0 0 0 0 871.761 0
4.7 15.2131 0.000695439 -2.87956e-152 0 14.2694 0 0.203491 0 7.26761 0x634d88 138.094 5.35464e-140 185.01 0 0 0 0 907.87 0
4.72 15.7952 0.000806693 2.08099e-156 0 14.9871 0 0.235807 0 7.26761 0x634d88 139.083 -2.12484e-143 192.372 0 0 0 0 943.363 0
4.74 16.3677 0.000932568 2.12261e-159 0 15.7028 0 0.274787 0 7.26761 0x634d88 140.016 7.36791e-145 199.714 0 0 0 0 978.163 0
4.76 16.957 0.00107494 -8.00028e-166 0 16.4167 0 0.322059 0 7.26761 0x634d88 140.896 -5.86118e-152 207.42 0 0 0 0 1013.91 0
4.78 17.503 0.00123633 -3.39473e-165 0 17.1285 0 0.379719 0 7.26761 0x634d88 141.724 -3.80723e-153 214.72 0 0 0 0 1046.94 0
4.8 18.0342 0.00141962 -1.44399e-169 0 17.8384 0 0.450189 0 7.26761 0x634d88 142.503 -1.2662e-157 222 0 0 0 0 1079 0
4.82 18.5484 0.00162765 -1.05968e-177 0 18.5464 0 0.535966 0 7.26761 0x634d88 143.234 6.91193e-165 229.259 0 0 0 0 1109.94 0
4.84 19.0462 0.00186448 1.14951e-176 0 19.2524 0 0.639943 0 7.26761 0x634d88 143.919 -8.24196e-165 236.496 0 0 0 0 1139.83 0
4.86 19.5284 0.00213468 -2.10898e-184 0 19.9563 0 0.764936 0 7.26761 0x634d88 144.565 -4.02853e-172 243.711 0 0 0 0 1168.72 0
4.88 19.9957 0.00244325 -3.56938e-188 0 20.6583 0 0.913371 0 7.26761 0x634d88 145.174 3.05075e-176 250.904 0 0 0 0 1196.63 0
4.9 20.4503 0.00279727 2.69351e-192 0 21.3582 0 1.08786 0 7.26761 0x634d88 145.752 -7.60293e-180 258.074 0 0 0 0 1223.73 0
4.92 20.8929 0.00320413 -3.34918e-199 0 22.056 0 1.29017 0 7.26761 0x634d88 146.3 -2.80008e-186 265.219 0 0 0 0 1250.05 0
4.94 21.3252 0.00367447 6.69645e-204 0 22.7516 0 1.52254 0 7.26761 0x634d88 146.823 -2.76014e-190 272.338 0 0 0 0 1275.7 0
4.96 21.7469 0.00422004 -3.86291e-208 0 23.4449 0 1.78632 0 7.26761 0x634d88 147.323 7.0685e-195 279.43 0 0 0 0 1300.67 0
4.98 22.1799 0.00485702 -1.80209e-210 0 24.136 0 2.08329 0 7.26761 0x634d88 147.8 5.25664e-199 286.862 0 0 0 0 1326.23 0
5 22.5806 0.00560629 3.23809e-216 0 24.8245 0 2.41515 0 7.26761 0x634d88 148.255 -4.76116e-204 293.886 0 0 0 0 1349.82 0
5.02 22.9702 0.00649432 1.10472e-220 0 25.5103 0 2.78305 0 7.26761 0x634d88 148.689 -5.80192e-209 300.869 0 0 0 0 1372.68 0
5.04 23.3485 0.00755872 -4.32039e-224 0 26.193 0 3.18862 0 7.26761 0x634d88 149.101 9.56918e-212 307.801 0 0 0 0 1394.8 0
5.06 23.7148 0.00884985 1.57784e-227 0 26.8722 0 3.63249 0 7.26761 0x634d88 149.493 1.34106e-215 314.664 0 0 0 0 1416.12 0
5.08 24.069 0.0104434 1.53945e-232 0 27.547 0 4.11534 0 7.26761 0x634d88 149.864 -5.93476e-219 321.406 0 0 0 0 1436.64 0
5.1 24.4106 0.0124565 8.7373e-234 0 28.2158 0 4.63609 0 7.26761 0x634d88 150.215 7.74268e-224 327.999 0 0 0 0 1456.33 0
5.12 24.7376 0.0151184 -7.68786e-233 0 28.8747 0 5.19026 0 7.26761 0x634d88 150.546 1.12885e-221 334.162 0 0 0 0 1475.13 0
5.14 25.0403 0.0192701 1.06527e-230 0 29.5115 0 5.76014 0 7.26761 0x634d88 150.852 -2.79601e-220 338.931 0 0 0 0 1492.77 0
5.16 25.1214 0.0416043 2.73398e-232 0 30.0384 0 6.2337 0 7.26761 0x634d88 150.93 -6.5581e-222 328.777 0 0 0 0 1497.07 0
5.18 10.0582 0.317863 -3.5001e-232 0 28.981 0 6.32781 0 7.26761 0x634d88 124.337 7.54631e-222 108.111 0 0 0 0 530.844 0
5.2 0.0877459 0.341197 3.05635e-53 0 23.7408 0 6.32938 0 7.26761 0x634d88 52.5813 -1.36853e-42 0.454365 0 0 0 0 32.1135 0
5.22 0.0972637 0.34119 1.81931e-66 0 19.2783 0 6.32937 0 7.26761 0x634d88 15.3023 -1.31167e-56 0.793754 0 0 0 0 7.45774 0
5.24 0.109573 0.341184 7.84193e-69 0 15.6698 0 6.32936 0 7.26761 0x634d88 12.7266 -2.90056e-59 0.873337 0 0 0 0 6.82103 0
5.26 0.124 0.341178 -1.915e-75 0 12.739 0 6.32935 0 7.26761 0x634d88 13.3565 2.23866e-64 0.947373 0 0 0 0 7.01357 0
5.28 0.144344 0.341169 1.3221e-77 0 10.356 0 6.32934 0 7.26761 0x634d88 15.7499 1.07171e-65 1.0568 0 0 0 0 7.71043 0
5.3 0.177155 0.341154 1.22093e-78 0 8.42472 0 6.32933 0 7.26761 0x634d88 19.9961 -6.31232e-69 1.25154 0 0 0 0 9.11259 0
5.32 0.24336 0.341123 3.87914e-85 0 6.86419 0 6.3293 0 7.26761 0x634d88 27.3516 -2.40064e-73 1.68112 0 0 0 0 12.1598 0
5.34 0.47261 0.341013 -2.72997e-85 0 5.61124 0 6.32918 0 7.26761 0x634d88 43.1552 -3.0784e-74 3.27283 0 0 0 0 22.6509 0
5.36 24.9022 0.0251792 7.71232e-92 0 4.99012 0 6.03208 0 7.26761 0x634d88 151.504 3.60558e-81 88.602 0 0 0 0 1530.62 0
5.38 22.6833 0.00668669 9.03624e-98 0 5.72821 0 2.80517 0 7.26761 0x634d88 149.262 2.3798e-86 96.9962 0 0 0 0 1399.1 0
5.4 18.1681 0.00165929 8.30154e-101 0 6.46812 0 0.532059 0 7.26761 0x634d88 144.029 8.34318e-89 104.645 0 0 0 0 1135.55 0
5.42 9.43266 0.000153853 -2.04243e-110 0 7.20664 0 0.0591767 0 7.26761 0x634d88 128.385 6.00517e-98 112.483 0 0 0 0 615.884 0
5.44 9.93047 0.000152549 -5.32547e-118 0 7.94322 0 0.0634483 0 7.26761 0x634d88 126.972 6.24531e-106 120.04 0 0 0 0 588.693 0
5.46 10.5342 0.000181373 -7.17331e-122 0 8.67784 0 0.0718985 0 7.26761 0x634d88 128.128 2.19646e-109 127.576 0 0 0 0 616.563 0
5.48 11.1504 0.000221151 -4.57938e-124 0 9.41051 0 0.0821021 0 7.26761 0x634d88 129.674 6.14873e-111 135.092 0 0 0 0 654.747 0
5.5 11.7673 0.000268392 -8.05895e-127 0 10.1412 0 0.0937645 0 7.26761 0x634d88 131.181 -3.87267e-116 142.589 0 0 0 0 694.105 0
5.52 12.3816 0.000322714 1.52166e-131 0 10.87 0 0.107021 0 7.26761 0x634d88 132.585 -2.17154e-118 150.065 0 0 0 0 732.923 0
5.54 12.9921 0.000384688 2.78854e-137 0 11.5968 0 0.122187 0 7.26761 0x634d88 133.895 2.76623e-124 157.521 0 0 0 0 771.105 0
5.56 13.5983 0.000455113 -5.64599e-139 0 12.3217 0 0.13969 0 7.26761 0x634d88 135.123 5.23916e-126 164.957 0 0 0 0 808.706 0
5.58 14.1995 0.000534935 -1.77234e-139 0 13.0446 0 0.160083 0 7.26761 0x634d88 136.278 3.45439e-128 172.374 0 0 0 0 845.767 0
5.6 14.7947 0.000625251 -4.70362e-150 0 13.7656 0 0.184072 0 7.26761 0x634d88 137.368 -3.94234e-136 179.77 0 0 0 0 882.286 0
5.62 15.4135 0.00072735 2.56821e-150 0 14.4846 0 0.212562 0 7.26761 0x634d88 138.396 -6.07689e-137 187.534 0 0 0 0 920.1 0
5.64 15.9924 0.000842773 1.98417e-151 0 15.2017 0 0.246711 0 7.26761 0x634d88 139.368 -1.4318e-139 194.889 0 0 0 0 955.364 0
5.66 16.5609 0.000973387 -3.52001e-156 0 15.9169 0 0.287989 0 7.26761 0x634d88 140.286 2.6157e-145 202.224 0 0 0 0 989.906 0
5.68 17.1168 0.00112118 4.75469e-165 0 16.6301 0 0.338142 0 7.26761 0x634d88 141.15 -2.03201e-153 209.539 0 0 0 0 1023.59 0
5.7 17.6586 0.00128878 4.74933e-163 0 17.3414 0 0.399361 0 7.26761 0x634d88 141.963 3.34838e-151 216.833 0 0 0 0 1056.34 0
5.72 18.1849 0.00147915 -1.37597e-169 0 18.0507 0 0.474141 0 7.26761 0x634d88 142.727 -1.01902e-155 224.106 0 0 0 0 1088.08 0
5.74 18.6944 0.00169539 1.64063e-177 0 18.7581 0 0.56508 0 7.26761 0x634d88 143.444 -5.09792e-165 231.359 0 0 0 0 1118.72 0
5.76 19.1881 0.00194189 1.205e-178 0 19.4635 0 0.67515 0 7.26761 0x634d88 144.117 -6.70083e-166 238.59 0 0 0 0 1148.33 0
5.78 19.6653 0.00222279 4.73673e-185 0 20.1668 0 0.806819 0 7.26761 0x634d88 144.751 4.78677e-172 245.799 0 0 0 0 1176.9 0
5.8 20.1287 0.00254416 3.98112e-186 0 20.8682 0 0.962786 0 7.26761 0x634d88 145.35 -1.16207e-174 252.985 0 0 0 0 1204.57 0
5.82 20.5798 0.00291316 1.65741e-192 0 21.5674 0 1.14544 0 7.26761 0x634d88 145.919 -4.39397e-179 260.148 0 0 0 0 1231.44 0
5.84 21.042 0.0033378 -2.80134e-197 0 22.2646 0 1.35652 0 7.26761 0x634d88 146.459 2.29431e-185 267.661 0 0 0 0 1258.91 0
5.86 21.4708 0.00382936 2.85937e-201 0 22.9595 0 1.59819 0 7.26761 0x634d88 146.976 -9.62614e-190 274.771 0 0 0 0 1284.33 0
5.88 21.889 0.00440045 -2.8121e-208 0 23.6522 0 1.87173 0 7.26761 0x634d88 147.468 -2.69486e-194 281.852 0 0 0 0 1309.07 0
5.9 22.2973 0.00506889 2.91325e-211 0 24.3425 0 2.1791 0 7.26761 0x634d88 147.939 -1.75178e-198 288.902 0 0 0 0 1333.15 0
5.92 22.6947 0.00585628 -1.09056e-215 0 25.0302 0 2.5215 0 7.26761 0x634d88 148.387 9.29717e-203 295.915 0 0 0 0 1356.53 0
5.94 23.081 0.00679261 -1.44091e-218 0 25.7152 0 2.90051 0 7.26761 0x634d88 148.814 4.4642e-207 302.885 0 0 0 0 1379.17 0
5.96 23.4559 0.00791885 6.70786e-224 0 26.3969 0 3.31752 0 7.26761 0x634d88 149.221 -1.75322e-211 309.799 0 0 0 0 1401.06 0
5.98 23.8187 0.00929118 6.05423e-226 0 27.0749 0 3.77305 0 7.26761 0x634d88 149.606 1.77012e-214 316.635 0 0 0 0 1422.15 0
6 24.1694 0.0109954 -4.69366e-232 0 27.7481 0 4.26754 0 7.26761 0x634d88 149.971 -2.42261e-219 323.352 0 0 0 0 1442.43 0
6.02 24.507 0.0131696 -2.80125e-232 0 28.4145 0 4.79897 0 7.26761 0x634d88 150.316 5.73494e-220 329.848 0 0 0 0 1461.87 0
6.04 24.829 0.0161204 -7.42952e-230 0 29.0689 0 5.361 0 7.26761 0x634d88 150.641 1.58746e-218 335.793 0 0 0 0 1480.39 0
6.06 25.1381 0.0214893 -1.75701e-228 0 29.6918 0 5.92419 0 7.26761 0x634d88 150.922 1.32705e-217 338.999 0 0 0 0 1497.11 0
6.08 24.3094 0.0821571 1.17096e-229 0 30.0764 0 6.29945 0 7.26761 0x634d88 150.089 -1.01527e-217 302.911 0 0 0 0 1435.1 0
6.1 0.577777 0.341109 3.06075e-232 0 27.4892 0 6.32931 0 7.26761 0x634d88 81.3901 -1.42892e-221 2.91925 0 0 0 0 97.2315 0
6.12 0.0781495 0.3412 -8.26807e-70 0 22.3048 0 6.32938 0 7.26761 0x634d88 23.1475 9.21479e-58 0.542451 0 0 0 0 9.90556 0
6.14 0.100897 0.341188 1.06731e-77 0 18.1233 0 6.32936 0 7.26761 0x634d88 13.7365 -3.12685e-68 0.823897 0 0 0 0 7.08701 0
6.16 0.113352 0.341183 1.77298e-85 0 14.7229 0 6.32936 0 7.26761 0x634d88 12.5974 -1.73687e-74 0.893975 0 0 0 0 6.79792 0
6.18 0.129056 0.341176 -3.18733e-91 0 11.9672 0 6.32935 0 7.26761 0x634d88 13.8605 -6.08027e-79 0.974212 0 0 0 0 7.14556 0
6.2 0.151994 0.341165 -3.90219e-90 0 9.7303 0 6.32934 0 7.26761 0x634d88 16.7904 4.03623e-81 1.10083 0 0 0 0 8.01069 0
6.22 0.190919 0.341147 -6.26204e-95 0 7.91815 0 6.32932 0 7.26761 0x634d88 21.7775 -2.41714e-83 1.338 0 0 0 0 9.72374 0
6.24 0.285451 0.341106 4.4002e-99 0 6.45619 0 6.32928 0 7.26761 0x634d88 30.7311 7.14969e-88 1.96676 0 0 0 0 14.1234 0
6.26 0.789905 0.34088 3.87366e-98 0 5.29272 0 6.32905 0 7.26761 0x634d88 53.1457 -4.75015e-88 5.55487 0 0 0 0 35.3858 0
6.28 24.184 0.0137363 6.20136e-107 0 5.21566 0 4.85993 0 7.26761 0x634d88 150.976 -3.64772e-95 91.8198 0 0 0 0 1495.38 0
6.3 21.7837 0.00479961 -5.25553e-112 0 5.9554 0 2.01359 0 7.26761 0x634d88 148.229 9.32691e-99 99.366 0 0 0 0 1342.99 0
6.32 13.6719 0.000596455 -3.8994e-111 0 6.695 0 0.159739 0 7.26761 0x634d88 139.039 2.55184e-99 106.986 0 0 0 0 927.094 0
6.34 9.54836 0.000146726 -2.30548e-123 0 7.43293 0 0.0595524 0 7.26761 0x634d88 127.343 -8.24541e-111 114.774 0 0 0 0 594.772 0
6.36 10.1105 0.000159778 8.32951e-129 0 8.16891 0 0.0658059 0 7.26761 0x634d88 127.225 -1.19661e-116 122.325 0 0 0 0 594.833 0
6.38 10.7204 0.000192686 -1.38e-131 0 8.90294 0 0.0748715 0 7.26761 0x634d88 128.595 6.35785e-118 129.855 0 0 0 0 627.73 0
6.4 11.3375 0.000234909 1.39868e-130 0 9.635 0 0.0855255 0 7.26761 0x634d88 130.146 -2.55143e-118 137.365 0 0 0 0 666.688 0
6.42 11.954 0.000284291 7.74347e-134 0 10.3651 0 0.0976535 0 7.26761 0x634d88 131.622 -3.80765e-121 144.855 0 0 0 0 705.915 0
6.44 12.5669 0.000340891 3.01898e-140 0 11.0933 0 0.111455 0 7.26761 0x634d88 132.997 -3.79808e-127 152.325 0 0 0 0 744.556 0
6.46 13.1762 0.000405365 1.57001e-141 0 11.8195 0 0.127288 0 7.26761 0x634d88 134.28 -1.13083e-127 159.776 0 0 0 0 782.553 0
6.48 13.781 0.000478567 7.96829e-143 0 12.5438 0 0.145613 0 7.26761 0x634d88 135.485 1.60617e-131 167.206 0 0 0 0 819.988 0
6.5 14.3808 0.000561505 3.79191e-148 0 13.2661 0 0.167035 0 7.26761 0x634d88 136.619 -2.02601e-134 174.616 0 0 0 0 856.888 0
6.52 15.0047 0.00065527 2.55952e-153 0 13.9865 0 0.192289 0 7.26761 0x634d88 137.69 -1.07235e-140 182.395 0 0 0 0 895.133 0
6.54 15.5898 0.000761283 8.21373e-155 0 14.7049 0 0.222381 0 7.26761 0x634d88 138.701 -6.31133e-141 189.764 0 0 0 0 930.854 0
6.56 16.1657 0.000881145 7.97656e-155 0 15.4215 0 0.258543 0 7.26761 0x634d88 139.655 1.61573e-143 197.113 0 0 0 0 965.905 0
6.58 16.7307 0.00101681 2.48141e-159 0 16.136 0 0.302346 0 7.26761 0x634d88 140.556 4.15539e-147 204.442 0 0 0 0 1000.2 0
6.6 17.2825 0.0011704 -2.33516e-168 0 16.8487 0 0.355649 0 7.26761 0x634d88 141.405 -5.11737e-156 211.75 0 0 0 0 1033.61 0
6.62 17.8196 0.00134463 -3.5314e-166 0 17.5594 0 0.420743 0 7.26761 0x634d88 142.202 4.59375e-154 219.038 0 0 0 0 1066.06 0
6.64 18.341 0.0015426 -7.37294e-173 0 18.2681 0 0.500209 0 7.26761 0x634d88 142.952 2.15105e-160 226.305 0 0 0 0 1097.47 0
6.66 18.8455 0.0017676 -1.49823e-180 0 18.9748 0 0.596687 0 7.26761 0x634d88 143.655 3.63713e-169 233.552 0 0 0 0 1127.79 0
6.68 19.3341 0.00202422 -1.10178e-181 0 19.6796 0 0.713149 0 7.26761 0x634d88 144.316 2.44214e-169 240.776 0 0 0 0 1157.09 0
6.7 19.8071 0.00231686 1.74368e-188 0 20.3823 0 0.852009 0 7.26761 0x634d88 144.939 -2.59415e-175 247.978 0 0 0 0 1185.37 0
6.72 20.2665 0.00265197 -2.35082e-189 0 21.083 0 1.0159 0 7.26761 0x634d88 145.528 1.39058e-177 255.158 0 0 0 0 1212.78 0
6.74 20.7373 0.00303714 2.62005e-196 0 21.7817 0 1.20712 0 7.26761 0x634d88 146.087 -2.66836e-184 262.689 0 0 0 0 1240.8 0
6.76 21.1729 0.00348097 1.42828e-200 0 22.4781 0 1.42735 0 7.26761 0x634d88 146.62 -3.30615e-189 269.818 0 0 0 0 1266.67 0
6.78 21.5986 0.00399549 2.11619e-206 0 23.1724 0 1.67869 0 7.26761 0x634d88 147.129 -2.06649e-192 276.919 0 0 0 0 1291.89 0
6.8 22.0137 0.00459433 -2.53044e-210 0 23.8644 0 1.9624 0 7.26761 0x634d88 147.615 -1.51453e-198 283.991 0 0 0 0 1316.43 0
6.82 22.4187 0.00529673 -4.96926e-214 0 24.5539 0 2.28041 0 7.26761 0x634d88 148.079 3.30912e-202 291.03 0 0 0 0 1340.31 0
6.84 22.8129 0.00612626 7.72631e-219 0 25.2408 0 2.6339 0 7.26761 0x634d88 148.521 1.97503e-206 298.031 0 0 0 0 1363.46 0
6.86 23.1958 0.00711581 8.7149e-222 0 25.9248 0 3.0244 0 7.26761 0x634d88 148.941 -4.92672e-210 304.986 0 0 0 0 1385.88 0
6.88 23.5671 0.00831067 7.76355e-228 0 26.6054 0 3.45322 0 7.26761 0x634d88 149.341 -1.43284e-214 311.879 0 0 0 0 1407.53 0
6.9 23.9263 0.00977393 1.32191e-228 0 27.2821 0 3.9207 0 7.26761 0x634d88 149.72 -2.25537e-216 318.686 0 0 0 0 1428.38 0
6.92 24.2731 0.0116041 -1.68467e-233 0 27.9535 0 4.42694 0 7.26761 0x634d88 150.079 1.36112e-221 325.35 0 0 0 0 1448.42 0
6.94 24.6065 0.0139687 -1.4705e-235 0 28.617 0 4.96886 0 7.26761 0x634d88 150.418 -2.89912e-224 331.735 0 0 0 0 1467.59 0
6.96 24.9377 0.0173147 1.98841e-232 0 29.2653 0 5.53677 0 7.26761 0x634d88 150.735 -3.392e-221 337.565 0 0 0 0 1486.69 0
6.98 25.1848 0.0256598 -1.12031e-234 0 29.863 0 6.07862 0 7.26761 0x634d88 150.999 8.38997e-224 334.757 0 0 0 0 1501.53 0
7 21.2836 0.170624 1.25989e-234 0 29.8989 0 6.32403 0 7.26761 0x634d88 146.315 -3.44682e-225 251.126 0 0 0 0 1228.89 0
7.02 0.0489125 0.341211 -2.66722e-26 0 25.786 0 6.32939 0 7.26761 0x634d88 -228.105 6.39313e-20 0.00660071 0 0 0 0 0.000730557 0
7.04 0.0900835 0.341193 1.03029e-74 0 20.9349 0 6.32937 0 7.26761 0x634d88 18.8697 -1.90135e-63 0.714144 0 0 0 0 8.47912 0
7.06 0.104848 0.341187 4.73494e-83 0 17.0081 0 6.32936 0 7.26761 0x634d88 13.1851 -1.25952e-72 0.848401 0 0 0 0 6.9328 0
7.08 0.118104 0.341181 -1.22459e-87 0 13.8183 0 6.32936 0 7.26761 0x634d88 12.8873 5.91848e-77 0.918632 0 0 0 0 6.88253 0
7.1 0.135742 0.341173 1.55361e-93 0 11.2341 0 6.32935 0 7.26761 0x634d88 14.6491 -1.54372e-82 1.01097 0 0 0 0 7.38759 0
7.12 0.162686 0.34116 -9.56587e-92 0 9.1362 0 6.32933 0 7.26761 0x634d88 18.1216 -1.46294e-81 1.16522 0 0 0 0 8.47306 0
7.14 0.211704 0.341138 -3.76358e-96 0 7.43761 0 6.32931 0 7.26761 0x634d88 24.0114 1.95469e-85 1.47373 0 0 0 0 10.6848 0
7.16 0.340097 0.341078 6.78903e-96 0 6.0685 0 6.32925 0 7.26761 0x634d88 35.2187 1.52071e-86 2.34416 0 0 0 0 16.6328 0
7.18 1.99768 0.340148 -4.59652e-101 0 5.01562 0 6.32839 0 7.26761 0x634d88 73.8036 3.14202e-95 14.4349 0 0 0 0 77.7335 0
7.2 23.5518 0.00983434 -1.5628e-104 0 5.46736 0 3.87655 0 7.26761 0x634d88 150.272 -1.76832e-96 94.3336 0 0 0 0 1454.67 0
7.22 20.5186 0.0032182 2.21458e-109 0 6.20737 0 1.26586 0 7.26761 0x634d88 146.794 -2.6337e-96 102.026 0 0 0 0 1266.52 0
7.24 9.80834 0.000209333 1.29382e-112 0 6.94648 0 0.0675519 0 7.26761 0x634d88 132.122 -6.2323e-100 109.645 0 0 0 0 707.895 0
7.26 9.72372 0.000147598 -4.9674e-119 0 7.68375 0 0.0611946 0 7.26761 0x634d88 126.973 2.30081e-106 117.295 0 0 0 0 587.825 0
7.28 10.3124 0.000169698 -2.73089e-120 0 8.41906 0 0.0686927 0 7.26761 0x634d88 127.637 -2.89031e-107 124.839 0 0 0 0 604.442 0
7.3 10.9261 0.000206215 3.72002e-121 0 9.15242 0 0.0783387 0 7.26761 0x634d88 129.126 1.43981e-108 132.362 0 0 0 0 640.543 0
7.32 11.5433 0.000250943 -9.02235e-121 0 9.88382 0 0.0894832 0 7.26761 0x634d88 130.661 9.78804e-109 139.866 0 0 0 0 679.836 0
7.34 12.1587 0.00030273 -1.98041e-118 0 10.6133 0 0.10215 0 7.26761 0x634d88 132.101 9.65818e-107 147.349 0 0 0 0 718.884 0
7.36 12.7706 0.000361914 -1.08675e-130 0 11.3407 0 0.116597 0 7.26761 0x634d88 133.443 2.98099e-116 154.813 0 0 0 0 757.293 0
7.38 13.3785 0.000429261 -3.45841e-131 0 12.0663 0 0.13322 0 7.26761 0x634d88 134.699 4.44398e-118 162.256 0 0 0 0 795.1 0
7.4 14.0132 0.000505653 4.05169e-134 0 12.7899 0 0.152522 0 7.26761 0x634d88 135.879 -2.22439e-121 170.07 0 0 0 0 834.302 0
7.42 14.6105 0.000592141 -8.18235e-137 0 13.5116 0 0.175155 0 7.26761 0x634d88 136.991 2.26727e-120 177.472 0 0 0 0 870.991 0
7.44 15.2008 0.000689917 1.59853e-142 0 14.2313 0 0.201937 0 7.26761 0x634d88 138.04 -3.36085e-132 184.855 0 0 0 0 907.118 0
7.46 15.783 0.000800447 3.03982e-143 0 14.9491 0 0.23394 0 7.26761 0x634d88 139.032 -3.07174e-130 192.217 0 0 0 0 942.624 0
7.48 16.3554 0.000925444 2.33065e-144 0 15.665 0 0.272507 0 7.26761 0x634d88 139.968 2.0926e-132 199.56 0 0 0 0 977.431 0
7.5 16.9163 0.00106695 -2.91217e-152 0 16.3789 0 0.319316 0 7.26761 0x634d88 140.851 1.03007e-138 206.882 0 0 0 0 1011.45 0
7.52 17.4633 0.00122726 -6.91499e-158 0 17.0908 0 0.376366 0 7.26761 0x634d88 141.682 5.18398e-146 214.183 0 0 0 0 1044.54 0
7.54 17.9957 0.00140929 2.1562e-159 0 17.8009 0 0.446089 0 7.26761 0x634d88 142.463 -7.95659e-147 221.465 0 0 0 0 1076.66 0
7.56 18.5111 0.00161595 -8.76404e-166 0 18.5089 0 0.530996 0 7.26761 0x634d88 143.196 1.0187e-152 228.725 0 0 0 0 1107.7 0
7.58 19.0101 0.00185114 7.00903e-168 0 19.215 0 0.633933 0 7.26761 0x634d88 143.884 -1.56996e-155 235.964 0 0 0 0 1137.67 0
7.6 19.4935 0.00211949 4.34374e-172 0 19.9191 0 0.757766 0 7.26761 0x634d88 144.532 -1.29591e-159 243.181 0 0 0 0 1166.63 0
7.62 19.9861 0.00242585 4.21163e-180 0 20.6211 0 0.904883 0 7.26761 0x634d88 145.143 -2.57974e-168 250.753 0 0 0 0 1196.06 0
7.64 20.4411 0.00277729 -4.12239e-184 0 21.3211 0 1.07794 0 7.26761 0x634d88 145.722 -8.61809e-170 257.924 0 0 0 0 1223.17 0
7.66 20.8838 0.00318111 6.3752e-188 0 22.019 0 1.27873 0 7.26761 0x634d88 146.272 -8.88384e-176 265.069 0 0 0 0 1249.51 0
7.68 21.3159 0.00364748 5.07204e-190 0 22.7148 0 1.50931 0 7.26761 0x634d88 146.796 -1.6694e-178 272.189 0 0 0 0 1275.15 0
7.7 21.7382 0.00418903 -1.75308e-196 0 23.4083 0 1.77154 0 7.26761 0x634d88 147.297 4.12913e-184 279.282 0 0 0 0 1300.15 0
7.72 22.15 0.00482069 -4.96908e-201 0 24.0994 0 2.06671 0 7.26761 0x634d88 147.775 3.96428e-189 286.343 0 0 0 0 1324.47 0
7.74 22.5515 0.00556343 1.69638e-204 0 24.788 0 2.3967 0 7.26761 0x634d88 148.232 -3.4112e-192 293.37 0 0 0 0 1348.11 0
7.76 22.9419 0.00644326 5.06577e-209 0 25.474 0 2.76263 0 7.26761 0x634d88 148.666 -1.96802e-196 300.357 0 0 0 0 1371.03 0
7.78 23.321 0.0074972 1.21295e-213 0 26.1569 0 3.16619 0 7.26761 0x634d88 149.08 -9.30853e-202 307.293 0 0 0 0 1393.2 0
7.8 23.6883 0.00877469 -1.96808e-217 0 26.8363 0 3.60801 0 7.26761 0x634d88 149.472 3.40097e-205 314.161 0 0 0 0 1414.58 0
7.82 24.0433 0.0103493 -2.82468e-219 0 27.5114 0 4.08871 0 7.26761 0x634d88 149.845 4.11172e-207 320.929 0 0 0 0 1435.15 0
7.84 24.4036 0.0123367 -1.27521e-225 0 28.1805 0 4.60766 0 7.26761 0x634d88 150.197 1.3905e-212 327.864 0 0 0 0 1455.93 0
7.86 24.731 0.0149542 -4.21316e-223 0 28.8401 0 5.16028 0 7.26761 0x634d88 150.529 3.49491e-211 334.049 0 0 0 0 1474.75 0
7.88 25.0353 0.0189739 2.09143e-221 0 29.4788 0 5.73039 0 7.26761 0x634d88 150.836 9.08687e-211 338.78 0 0 0 0 1492.34 0
7.9 25.1353 0.0380292 -3.91802e-221 0 30.0206 0 6.21725 0 7.26761 0x634d88 150.971 1.60942e-210 330.284 0 0 0 0 1498.05 0
7.92 12.2861 0.302995 5.5885e-223 0 29.1709 0 6.32783 0 7.26761 0x634d88 129.725 -4.35058e-213 134.322 0 0 0 0 653.634 0
7.94 0.0887526 0.341183 2.91239e-50 0 23.9966 0 6.32936 0 7.26761 0x634d88 54.7054 2.04562e-39 1.06767 0 0 0 0 34.8796 0
7.96 0.0963321 0.34119 7.9848e-69 0 19.4837 0 6.32937 0 7.26761 0x634d88 15.2788 2.51248e-59 0.788479 0 0 0 0 7.52632 0
7.98 0.108653 0.341185 1.34203e-78 0 15.8323 0 6.32936 0 7.26761 0x634d88 12.6306 -1.25968e-67 0.869376 0 0 0 0 6.8037 0
8 0.122796 0.341178 4.71437e-81 0 12.8653 0 6.32935 0 7.26761 0x634d88 13.2181 -3.52564e-75 0.94152 0 0 0 0 6.9638 0
8.02 0.143772 0.341169 -7.79716e-87 0 10.4599 0 6.32934 0 7.26761 0x634d88 15.5629 -4.46635e-76 1.05367 0 0 0 0 7.67776 0
8.04 0.17615 0.341155 -5.97048e-86 0 8.50888 0 6.32933 0 7.26761 0x634d88 19.7183 4.62488e-75 1.24514 0 0 0 0 9.0582 0
8.06 0.240936 0.341125 1.33805e-89 0 6.93061 0 6.3293 0 7.26761 0x634d88 26.8436 -5.30886e-79 1.66341 0 0 0 0 12.0205 0
8.08 0.460865 0.341025 -1.5253e-94 0 5.6651 0 6.32919 0 7.26761 0x634d88 41.9568 8.08479e-86 3.19201 0 0 0 0 22.1247 0
8.1 22.718 0.0763408 -2.28746e-100 0 4.95665 0 6.23077 0 7.26761 0x634d88 153.962 2.33395e-92 88.511 0 0 0 0 1675.33 0
8.12 22.8489 0.00702735 -9.07002e-107 0 5.69434 0 2.93591 0 7.26761 0x634d88 149.404 -7.51769e-93 96.5318 0 0 0 0 1409.67 0
8.14 18.7188 0.001842 5.95596e-106 0 6.43429 0 0.610914 0 7.26761 0x634d88 144.492 1.18656e-92 104.173 0 0 0 0 1164.5 0
8.16 9.42041 0.000156438 -1.98283e-114 0 7.17289 0 0.0593461 0 7.26761 0x634d88 128.659 -2.74508e-102 112.157 0 0 0 0 621.216 0
8.18 9.90493 0.000151566 4.82463e-116 0 7.90957 0 0.0631109 0 7.26761 0x634d88 126.94 9.26895e-105 119.714 0 0 0 0 587.932 0
8.2 10.5077 0.00017975 -7.41218e-118 0 8.64428 0 0.0714664 0 7.26761 0x634d88 128.059 3.55833e-105 127.251 0 0 0 0 614.997 0
8.22 11.1237 0.000219156 -1.56583e-118 0 9.37704 0 0.0816031 0 7.26761 0x634d88 129.603 -8.45985e-106 134.768 0 0 0 0 653.044 0
8.24 11.7407 0.000266079 6.99677e-118 0 10.1078 0 0.0931981 0 7.26761 0x634d88 131.114 -1.19171e-105 142.265 0 0 0 0 692.413 0
8.26 12.3551 0.000320072 8.54232e-116 0 10.8367 0 0.106378 0 7.26761 0x634d88 132.523 -3.46027e-104 149.742 0 0 0 0 731.255 0
8.28 12.9658 0.000381672 -1.21541e-129 0 11.5636 0 0.121445 0 7.26761 0x634d88 133.837 6.61111e-117 157.199 0 0 0 0 769.466 0
8.3 13.5722 0.000451692 -2.9121e-129 0 12.2885 0 0.138831 0 7.26761 0x634d88 135.069 1.21757e-116 164.636 0 0 0 0 807.092 0
8.32 14.1737 0.000531061 4.91411e-131 0 13.0115 0 0.159077 0 7.26761 0x634d88 136.227 1.63303e-120 172.053 0 0 0 0 844.176 0
8.34 14.7694 0.000620891 -2.19513e-135 0 13.7326 0 0.182892 0 7.26761 0x634d88 137.319 2.66393e-122 179.451 0 0 0 0 880.72 0
8.36 15.3575 0.000722401 -6.07211e-141 0 14.4518 0 0.211145 0 7.26761 0x634d88 138.351 4.87562e-128 186.828 0 0 0 0 916.687 0
8.38 15.9675 0.000837174 -1.43349e-142 0 15.169 0 0.245005 0 7.26761 0x634d88 139.325 -1.75285e-129 194.571 0 0 0 0 953.854 0
8.4 16.5364 0.000966998 -7.07728e-144 0 15.8842 0 0.285904 0 7.26761 0x634d88 140.244 -6.18928e-131 201.907 0 0 0 0 988.417 0
8.42 17.0932 0.00111405 -7.36275e-149 0 16.5975 0 0.335638 0 7.26761 0x634d88 141.111 -2.631e-135 209.223 0 0 0 0 1022.16 0
8.44 17.6355 0.00128065 1.49398e-156 0 17.3089 0 0.396287 0 7.26761 0x634d88 141.927 -3.68148e-145 216.518 0 0 0 0 1054.94 0
8.46 18.1623 0.0014698 -1.05838e-155 0 18.0183 0 0.47035 0 7.26761 0x634d88 142.693 3.12164e-142 223.793 0 0 0 0 1086.71 0
8.48 18.6729 0.00168497 3.16763e-159 0 18.7258 0 0.560568 0 7.26761 0x634d88 143.412 -3.03765e-147 231.046 0 0 0 0 1117.43 0
8.5 19.1666 0.00192972 2.4061e-168 0 19.4312 0 0.66958 0 7.26761 0x634d88 144.087 8.26765e-155 238.278 0 0 0 0 1147.05 0
8.52 19.6452 0.00220917 2.91911e-169 0 20.1347 0 0.800315 0 7.26761 0x634d88 144.723 -1.15923e-156 245.488 0 0 0 0 1175.69 0
8.54 20.1091 0.00252858 -6.34123e-175 0 20.8361 0 0.955134 0 7.26761 0x634d88 145.324 8.83956e-162 252.675 0 0 0 0 1203.4 0
8.56 20.5604 0.00289497 3.4294e-177 0 21.5355 0 1.13639 0 7.26761 0x634d88 145.893 5.12739e-166 259.839 0 0 0 0 1230.28 0
8.58 21.0005 0.00331709 1.52378e-183 0 22.2327 0 1.34626 0 7.26761 0x634d88 146.435 -2.13776e-169 266.978 0 0 0 0 1256.44 0
8.6 21.4523 0.00380498 4.33054e-188 0 22.9278 0 1.58632 0 7.26761 0x634d88 146.952 -1.44654e-176 274.464 0 0 0 0 1283.23 0
8.62 21.8712 0.00437241 1.38519e-191 0 23.6206 0 1.85852 0 7.26761 0x634d88 147.446 8.08165e-180 281.547 0 0 0 0 1308.02 0
8.64 22.2797 0.00503564 4.24291e-197 0 24.311 0 2.16417 0 7.26761 0x634d88 147.917 -6.80452e-185 288.598 0 0 0 0 1332.12 0
8.66 22.6777 0.00581721 -1.86028e-201 0 24.9988 0 2.50501 0 7.26761 0x634d88 148.367 4.61934e-187 295.611 0 0 0 0 1355.53 0
8.68 23.0646 0.00674612 -1.40472e-205 0 25.6839 0 2.8824 0 7.26761 0x634d88 148.795 -1.23679e-192 302.585 0 0 0 0 1378.21 0
8.7 23.4399 0.00786214 1.01583e-209 0 26.3658 0 3.29749 0 7.26761 0x634d88 149.202 -9.93349e-197 309.501 0 0 0 0 1400.12 0
8.72 23.8034 0.00922232 -1.69107e-213 0 27.044 0 3.75147 0 7.26761 0x634d88 149.589 -7.59451e-201 316.343 0 0 0 0 1421.26 0
8.74 24.1545 0.0109083 1.41278e-213 0 27.7174 0 4.24401 0 7.26761 0x634d88 149.955 -1.09829e-201 323.066 0 0 0 0 1441.57 0
8.76 24.4927 0.0130564 -1.34071e-212 0 28.3842 0 4.77384 0 7.26761 0x634d88 150.301 9.04117e-201 329.572 0 0 0 0 1461.05 0
8.78 24.8155 0.0159593 -7.96703e-216 0 29.0392 0 5.33494 0 7.26761 0x634d88 150.626 8.27515e-204 335.555 0 0 0 0 1479.62 0
8.8 25.1063 0.0210995 3.04369e-214 0 29.6647 0 5.89994 0 7.26761 0x634d88 150.921 -3.33167e-203 339.317 0 0 0 0 1496.65 0
8.82 24.4668 0.0731328 -9.0073e-214 0 30.0801 0 6.29247 0 7.26761 0x634d88 150.329 -7.96369e-203 307.811 0 0 0 0 1446.58 0
8.84 0.921595 0.340874 1.03928e-217 0 27.7349 0 6.32915 0 7.26761 0x634d88 87.818 -3.51182e-206 6.53985 0 0 0 0 113.279 0
8.86 0.0744694 0.341201 -2.10001e-70 0 22.5078 0 6.32938 0 7.26761 0x634d88 23.6279 -2.84372e-63 0.478604 0 0 0 0 10.2676 0
8.88 0.100471 0.341188 -2.31818e-79 0 18.2837 0 6.32936 0 7.26761 0x634d88 13.7537 5.22864e-69 0.822309 0 0 0 0 7.09514 0
8.9 0.112827 0.341183 -1.77413e-85 0 14.8531 0 6.32936 0 7.26761 0x634d88 12.5447 -5.96028e-76 0.892213 0 0 0 0 6.78275 0
8.92 0.128311 0.341176 -1.78992e-92 0 12.0728 0 6.32935 0 7.26761 0x634d88 13.7627 2.94406e-81 0.971145 0 0 0 0 7.11557 0
8.94 0.150829 0.341166 -2.30125e-91 0 9.81593 0 6.32934 0 7.26761 0x634d88 16.6404 7.72419e-81 1.09496 0 0 0 0 7.95845 0
8.96 0.191496 0.341148 -1.35883e-94 0 7.98751 0 6.32932 0 7.26761 0x634d88 21.5387 -9.2671e-84 1.34272 0 0 0 0 9.75018 0
8.98 0.279153 0.341108 6.53354e-102 0 6.51172 0 6.32928 0 7.26761 0x634d88 30.2616 -3.67571e-90 1.9247 0 0 0 0 13.8261 0
9 0.725869 0.340905 -1.86676e-98 0 5.33571 0 6.32907 0 7.26761 0x634d88 51.6245 1.62365e-89 5.09613 0 0 0 0 33.203 0
9.02 24.3111 0.0143216 3.21697e-106 0 5.19357 0 4.97922 0 7.26761 0x634d88 151.051 2.24307e-94 91.2128 0 0 0 0 1504.01 0
9.04 21.9283 0.00500792 2.31471e-110 0 5.93321 0 2.10688 0 7.26761 0x634d88 148.369 1.9486e-98 99.0776 0 0 0 0 1351.84 0
9.06 14.5019 0.000701252 9.19023e-114 0 6.67284 0 0.189124 0 7.26761 0x634d88 139.88 -3.58927e-101 106.706 0 0 0 0 964.325 0
9.08 9.52254 0.000147477 2.849e-123 0 7.41082 0 0.0595185 0 7.26761 0x634d88 127.452 2.01695e-110 114.319 0 0 0 0 598.705 0
9.1 10.0747 0.000159071 4.24919e-128 0 8.14687 0 0.0655742 0 7.26761 0x634d88 127.201 -1.29997e-114 121.87 0 0 0 0 593.545 0
9.12 10.6833 0.000191557 3.02014e-133 0 8.88095 0 0.0745764 0 7.26761 0x634d88 128.549 1.3089e-117 129.402 0 0 0 0 625.492 0
9.14 11.3328 0.000233537 -1.63075e-131 0 9.61307 0 0.0851853 0 7.26761 0x634d88 130.101 5.34396e-119 137.308 0 0 0 0 666.39 0
9.16 11.9491 0.000282707 -3.31277e-135 0 10.3432 0 0.0972662 0 7.26761 0x634d88 131.579 2.84633e-123 144.798 0 0 0 0 705.632 0
9.18 12.5623 0.000339082 -1.19851e-141 0 11.0715 0 0.111014 0 7.26761 0x634d88 132.957 -3.36983e-129 152.269 0 0 0 0 744.264 0
9.2 13.1716 0.000403308 -3.18228e-143 0 11.7977 0 0.126779 0 7.26761 0x634d88 134.243 -4.72e-130 159.719 0 0 0 0 782.266 0
9.22 13.7764 0.000476235 -1.75831e-144 0 12.5221 0 0.145022 0 7.26761 0x634d88 135.45 1.10623e-132 167.149 0 0 0 0 819.705 0
9.24 14.3763 0.000558865 6.15863e-149 0 13.2445 0 0.16634 0 7.26761 0x634d88 136.586 -5.54716e-136 174.56 0 0 0 0 856.605 0
9.26 14.9692 0.000652286 -1.1479e-154 0 13.9649 0 0.191467 0 7.26761 0x634d88 137.659 2.95378e-142 181.95 0 0 0 0 892.961 0
9.28 15.5548 0.00075791 -2.66106e-155 0 14.6834 0 0.221397 0 7.26761 0x634d88 138.671 2.86418e-142 189.32 0 0 0 0 928.72 0
9.3 16.1313 0.000877331 -3.14147e-156 0 15.4 0 0.257356 0 7.26761 0x634d88 139.628 5.17204e-144 196.671 0 0 0 0 963.814 0
9.32 16.697 0.00101247 -6.46352e-164 0 16.1146 0 0.300897 0 7.26761 0x634d88 140.53 1.73445e-150 204.001 0 0 0 0 998.156 0
9.34 17.2496 0.0011655 8.99682e-170 0 16.8273 0 0.353889 0 7.26761 0x634d88 141.38 -5.09088e-157 211.311 0 0 0 0 1031.62 0
9.36 17.8159 0.00133911 -3.85135e-172 0 17.5381 0 0.418613 0 7.26761 0x634d88 142.179 5.69966e-156 218.983 0 0 0 0 1065.82 0
9.38 18.3371 0.00153626 -1.58921e-177 0 18.2468 0 0.49758 0 7.26761 0x634d88 142.93 -4.18942e-164 226.25 0 0 0 0 1097.23 0
9.4 18.8417 0.00176041 -2.16604e-179 0 18.9537 0 0.593512 0 7.26761 0x634d88 143.634 1.11084e-170 233.496 0 0 0 0 1127.56 0
9.42 19.3304 0.00201599 7.12676e-184 0 19.6585 0 0.709326 0 7.26761 0x634d88 144.297 -1.44869e-172 240.721 0 0 0 0 1156.87 0
9.44 19.8035 0.00230747 1.60401e-191 0 20.3613 0 0.847477 0 7.26761 0x634d88 144.92 -1.71004e-179 247.923 0 0 0 0 1185.16 0
9.46 20.2634 0.0026414 -6.87541e-194 0 21.0621 0 1.01068 0 7.26761 0x634d88 145.511 1.62977e-181 255.103 0 0 0 0 1212.59 0
9.48 20.7107 0.00302475 2.03882e-199 0 21.7607 0 1.20095 0 7.26761 0x634d88 146.071 -2.44222e-186 262.258 0 0 0 0 1239.22 0
9.5 21.1469 0.00346666 -4.62419e-202 0 22.4573 0 1.42029 0 7.26761 0x634d88 146.605 -2.84547e-191 269.389 0 0 0 0 1265.13 0
9.52 21.5732 0.00397886 -7.22218e-208 0 23.1516 0 1.67066 0 7.26761 0x634d88 147.114 1.00998e-194 276.492 0 0 0 0 1290.39 0
9.54 21.989 0.00457492 3.94038e-213 0 23.8436 0 1.95338 0 7.26761 0x634d88 147.601 -1.30444e-200 283.566 0 0 0 0 1314.97 0
9.56 22.3947 0.00527392 3.21742e-216 0 24.5332 0 2.27035 0 7.26761 0x634d88 148.065 -6.02889e-204 290.607 0 0 0 0 1338.89 0
9.58 22.8099 0.00609919 4.8481e-221 0 25.2202 0 2.62274 0 7.26761 0x634d88 148.508 3.55892e-209 297.978 0 0 0 0 1363.29 0
9.6 23.1931 0.00708378 -1.7665e-226 0 25.9043 0 3.01228 0 7.26761 0x634d88 148.929 1.75556e-213 304.933 0 0 0 0 1385.72 0
9.62 23.5643 0.00827124 -7.46424e-230 0 26.5851 0 3.43978 0 7.26761 0x634d88 149.329 -3.04447e-217 311.827 0 0 0 0 1407.37 0
9.64 23.9236 0.00972524 -8.79277e-232 0 27.2619 0 3.90609 0 7.26761 0x634d88 149.709 7.77639e-221 318.634 0 0 0 0 1428.22 0
