0.00683849 140.019 1.25016e+195 5.28705e+223 5.29748e+276 4.50166e+252 0.0209963 0 0.543716 109.453 0 0.00901282 0.100963 0.976685 0.99827
0.013677 142.549 1.25016e+195 5.28705e+223 5.29748e+276 3.0967e+252 0.0209038 0 0.615232 95.5478 0 0.00759976 0.109541 1.27077 0.998019
0.0205155 143.533 1.25016e+195 5.28705e+223 5.29748e+276 8.28269e+251 0.0207641 0 0.642565 87.9658 0 0.00704706 0.111172 1.39863 0.997847
0.027354 143.884 1.25016e+195 5.28705e+223 5.29748e+276 5.51108e+229 0.0207854 0 0.65179 85.0582 0 0.00686786 0.110976 1.43631 0.997772
0.0341924 143.984 1.25016e+195 5.28705e+223 5.29726e+276 5.51108e+229 0.0208382 0 0.654882 84.0583 0 0.00680836 0.110851 1.44927 0.997745
0.0410309 144.006 1.25016e+195 2.48599e+82 4.84963e-33 5.51108e+229 0.020882 0 0.656051 83.6827 0 0.00678761 0.110804 1.45417 0.997735
0.0478694 144.022 1.25016e+195 9.6992e-33 4.84963e-33 5.51108e+229 0.0209127 0 0.65655 83.5249 0 0.00678063 0.110788 1.456 0.99773
0.0547079 144.025 1.25016e+195 9.6992e-33 4.84963e-33 5.51108e+229 0.0209341 0 0.656796 83.4476 0 0.00677877 0.110785 1.45667 0.997728
0.0615464 144.027 1.25016e+195 9.6992e-33 4.84963e-33 5.51108e+229 0.0209503 0 0.656945 83.4012 0 0.00677891 0.110788 1.45687 0.997727
0.0683849 144.028 1.25016e+195 9.6992e-33 4.84963e-33 5.51108e+229 0.0209637 0 0.657054 83.3672 0 0.00677983 0.110793 1.45688 0.997726
0.0752234 144.029 1.25016e+195 9.6992e-33 4.84963e-33 5.51108e+229 0.0209759 0 0.657146 83.3383 0 0.00678109 0.110799 1.4568 0.997725
0.0820619 144.03 1.25016e+195 9.6992e-33 4.84963e-33 5.51108e+229 0.0209874 0 0.657231 83.3115 0 0.00678248 0.110806 1.4567 0.997725
0.0889003 144.031 1.25016e+195 9.6992e-33 4.84963e-33 5.51108e+229 0.0209986 0 0.657313 83.2856 0 0.00678393 0.110813 1.45658 0.997724
0.0957388 144.033 1.25016e+195 9.6992e-33 4.84963e-33 5.51108e+229 0.0210097 0 0.657394 83.2602 0 0.00678541 0.110821 1.45645 0.997723
