Time(min) prod sp3 fsc2 qsc2 fum Bypass qh psi fc1 ROS_c2 ROS_c3 fc2 [Ca²⁺]μM
0.02 1.21332 0.00615907 1.98299e-05 0.199932 0.304089 0 0.000610169 150.327 0 0.0935136 2.38783e-05 0.643703 0
0.04 1.21293 0.00615854 1.9824e-05 0.199934 0.303662 0 0.000609969 150.32 0 0.182496 4.0491e-05 0.643513 0
0.06 1.21263 0.00615814 1.98191e-05 0.199935 0.303304 0 0.000609806 150.314 0 0.271455 5.70925e-05 0.643353 0
0.08 1.21237 0.00615781 1.98149e-05 0.199936 0.303002 0 0.000609669 150.309 0 0.360394 7.36846e-05 0.643219 0
0.1 1.21215 0.00615753 1.98114e-05 0.199937 0.302749 0 0.000609554 150.305 0 0.449315 9.0269e-05 0.643105 0
0.12 1.21197 0.0061573 1.98085e-05 0.199937 0.302535 0 0.000609457 150.302 0 0.538222 0.000106847 0.64301 0
0.14 1.21182 0.0061571 1.9806e-05 0.199938 0.302356 0 0.000609376 150.299 0 0.627117 0.000123419 0.64293 0
0.16 1.21169 0.00615693 1.9804e-05 0.199938 0.302205 0 0.000609308 150.297 0 0.716001 0.000139987 0.642863 0
0.18 1.21158 0.00615679 1.98022e-05 0.199939 0.302078 0 0.00060925 150.295 0 0.804877 0.00015655 0.642806 0
0.2 1.21149 0.00615668 1.98007e-05 0.199939 0.301972 0 0.000609201 150.294 0 0.893746 0.000173111 0.642759 0
0.22 1.21141 0.00615658 1.97995e-05 0.199939 0.301882 0 0.000609161 150.292 0 0.982609 0.000189668 0.642719 0
0.24 1.21135 0.00615649 1.97985e-05 0.19994 0.301807 0 0.000609126 150.291 0 1.07147 0.000206224 0.642685 0
0.26 1.21129 0.00615642 1.97976e-05 0.19994 0.301743 0 0.000609098 150.29 0 1.16032 0.000222777 0.642657 0
0.28 1.21125 0.00615637 1.97969e-05 0.19994 0.30169 0 0.000609073 150.289 0 1.24917 0.000239329 0.642633 0
0.3 1.21121 0.00615632 1.97962e-05 0.19994 0.301645 0 0.000609053 150.288 0 1.33802 0.000255879 0.642613 0
0.32 1.21118 0.00615627 1.97957e-05 0.19994 0.301607 0 0.000609036 150.288 0 1.42686 0.000272429 0.642596 0
0.34 1.21115 0.00615624 1.97953e-05 0.19994 0.301576 0 0.000609022 150.287 0 1.5157 0.000288977 0.642582 0
0.36 1.21113 0.00615621 1.97949e-05 0.19994 0.301549 0 0.000609009 150.287 0 1.60454 0.000305524 0.64257 0
0.38 1.21111 0.00615619 1.97946e-05 0.19994 0.301527 0 0.000608999 150.287 0 1.69338 0.000322071 0.64256 0
0.4 1.21109 0.00615616 1.97944e-05 0.19994 0.301508 0 0.000608991 150.286 0 1.78222 0.000338617 0.642552 0
0.42 1.21108 0.00615615 1.97941e-05 0.199941 0.301492 0 0.000608983 150.286 0 1.87106 0.000355163 0.642545 0
0.44 1.21107 0.00615613 1.9794e-05 0.199941 0.301478 0 0.000608977 150.286 0 1.95989 0.000371708 0.642539 0
0.46 1.21106 0.00615612 1.97938e-05 0.199941 0.301467 0 0.000608972 150.286 0 2.04873 0.000388253 0.642534 0
0.48 1.21105 0.00615611 1.97937e-05 0.199941 0.301458 0 0.000608968 150.286 0 2.13756 0.000404798 0.642529 0
0.5 1.21104 0.0061561 1.97936e-05 0.199941 0.30145 0 0.000608964 150.285 0 2.2264 0.000421342 0.642526 0
0.52 1.21104 0.00615609 1.97935e-05 0.199941 0.301443 0 0.000608961 150.285 0 2.31523 0.000437886 0.642523 0
0.54 1.21103 0.00615609 1.97934e-05 0.199941 0.301438 0 0.000608959 150.285 0 2.40406 0.00045443 0.64252 0
0.56 1.21103 0.00615608 1.97933e-05 0.199941 0.301433 0 0.000608957 150.285 0 2.49289 0.000470974 0.642518 0
0.58 1.21103 0.00615608 1.97933e-05 0.199941 0.301429 0 0.000608955 150.285 0 2.58173 0.000487518 0.642517 0
0.6 1.21102 0.00615607 1.97932e-05 0.199941 0.301426 0 0.000608953 150.285 0 2.67056 0.000504061 0.642515 0
0.62 1.21102 0.00615607 1.97932e-05 0.199941 0.301423 0 0.000608952 150.285 0 2.75939 0.000520605 0.642514 0
0.64 1.21102 0.00615607 1.97932e-05 0.199941 0.30142 0 0.000608951 150.285 0 2.84822 0.000537148 0.642513 0
0.66 1.21102 0.00615607 1.97931e-05 0.199941 0.301418 0 0.00060895 150.285 0 2.93705 0.000553692 0.642512 0
0.68 1.21102 0.00615606 1.97931e-05 0.199941 0.301417 0 0.000608949 150.285 0 3.02589 0.000570235 0.642511 0
0.7 1.21101 0.00615606 1.97931e-05 0.199941 0.301415 0 0.000608949 150.285 0 3.11472 0.000586779 0.64251 0
0.72 1.21101 0.00615606 1.97931e-05 0.199941 0.301414 0 0.000608948 150.285 0 3.20355 0.000603322 0.64251 0
0.74 1.21101 0.00615606 1.97931e-05 0.199941 0.301413 0 0.000608948 150.285 0 3.29238 0.000619865 0.64251 0
0.76 1.21101 0.00615606 1.9793e-05 0.199941 0.301412 0 0.000608947 150.285 0 3.38121 0.000636408 0.642509 0
0.78 1.21101 0.00615606 1.9793e-05 0.199941 0.301412 0 0.000608947 150.285 0 3.47004 0.000652952 0.642509 0
0.8 1.21101 0.00615606 1.9793e-05 0.199941 0.301411 0 0.000608947 150.285 0 3.55887 0.000669495 0.642509 0
0.82 1.21101 0.00615606 1.9793e-05 0.199941 0.30141 0 0.000608947 150.285 0 3.6477 0.000686038 0.642508 0
0.84 1.21101 0.00615606 1.9793e-05 0.199941 0.30141 0 0.000608946 150.285 0 3.73654 0.000702581 0.642508 0
0.86 1.21101 0.00615606 1.9793e-05 0.199941 0.30141 0 0.000608946 150.285 0 3.82537 0.000719124 0.642508 0
0.88 1.21101 0.00615606 1.9793e-05 0.199941 0.301409 0 0.000608946 150.285 0 3.9142 0.000735667 0.642508 0
0.9 1.21101 0.00615606 1.9793e-05 0.199941 0.301409 0 0.000608946 150.285 0 4.00303 0.00075221 0.642508 0
0.92 1.21101 0.00615606 1.9793e-05 0.199941 0.301409 0 0.000608946 150.285 0 4.09186 0.000768754 0.642508 0
0.94 1.21101 0.00615606 1.9793e-05 0.199941 0.301409 0 0.000608946 150.285 0 4.18069 0.000785297 0.642508 0
0.96 1.21101 0.00615606 1.9793e-05 0.199941 0.301409 0 0.000608946 150.285 0 4.26952 0.00080184 0.642508 0
0.98 1.21101 0.00615606 1.9793e-05 0.199941 0.301409 0 0.000608946 150.285 0 4.35835 0.000818383 0.642507 0
1 1.21101 0.00615606 1.9793e-05 0.199941 0.301408 0 0.000608946 150.285 0 4.44718 0.000834926 0.642507 0
1.02 1.21101 0.00615606 1.9793e-05 0.199941 0.301408 0 0.000608946 150.285 0 4.53601 0.000851469 0.642507 0
1.04 1.21101 0.00615606 1.9793e-05 0.199941 0.301408 0 0.000608946 150.285 0 4.62484 0.000868012 0.642507 0
1.06 1.21101 0.00615606 1.9793e-05 0.199941 0.301408 0 0.000608945 150.285 0 4.71368 0.000884555 0.642507 0
1.08 1.21101 0.00615606 1.9793e-05 0.199941 0.301408 0 0.000608945 150.285 0 4.80251 0.000901098 0.642507 0
1.1 1.21101 0.00615606 1.9793e-05 0.199941 0.301408 0 0.000608945 150.285 0 4.89134 0.000917642 0.642507 0
1.12 1.21101 0.00615606 1.9793e-05 0.199941 0.301408 0 0.000608945 150.285 0 4.98017 0.000934185 0.642507 0
1.14 1.21101 0.00615606 1.9793e-05 0.199941 0.301408 0 0.000608945 150.285 0 5.069 0.000950728 0.642507 0
1.16 1.21101 0.00615606 1.9793e-05 0.199941 0.301408 0 0.000608945 150.285 0 5.15783 0.000967271 0.642507 0
1.18 1.21101 0.00615606 1.9793e-05 0.199941 0.301408 0 0.000608945 150.285 0 5.24666 0.000983814 0.642507 0
1.2 1.21101 0.00615606 1.9793e-05 0.199941 0.301408 0 0.000608945 150.285 0 5.33549 0.00100036 0.642507 0
1.22 1.21101 0.00615606 1.9793e-05 0.199941 0.301408 0 0.000608945 150.285 0 5.42432 0.0010169 0.642507 0
1.24 1.21101 0.00615606 1.9793e-05 0.199941 0.301408 0 0.000608945 150.285 0 5.51315 0.00103344 0.642507 0
1.26 1.21101 0.00615606 1.9793e-05 0.199941 0.301408 0 0.000608945 150.285 0 5.60198 0.00104999 0.642507 0
1.28 1.21101 0.00615606 1.9793e-05 0.199941 0.301408 0 0.000608945 150.285 0 5.69082 0.00106653 0.642507 0
1.3 1.21101 0.00615606 1.9793e-05 0.199941 0.301408 0 0.000608945 150.285 0 5.77965 0.00108307 0.642507 0
1.32 1.21101 0.00615606 1.9793e-05 0.199941 0.301408 0 0.000608945 150.285 0 5.86848 0.00109962 0.642507 0
1.34 1.21101 0.00615606 1.9793e-05 0.199941 0.301408 0 0.000608945 150.285 0 5.95731 0.00111616 0.642507 0
1.36 1.21101 0.00615606 1.9793e-05 0.199941 0.301408 0 0.000608945 150.285 0 6.04614 0.0011327 0.642507 0
1.38 1.21101 0.00615606 1.9793e-05 0.199941 0.301408 0 0.000608945 150.285 0 6.13497 0.00114924 0.642507 0
1.4 1.21101 0.00615606 1.9793e-05 0.199941 0.301408 0 0.000608945 150.285 0 6.2238 0.00116579 0.642507 0
1.42 1.21101 0.00615606 1.9793e-05 0.199941 0.301408 0 0.000608945 150.285 0 6.31263 0.00118233 0.642507 0
1.44 1.21101 0.00615606 1.9793e-05 0.199941 0.301408 0 0.000608945 150.285 0 6.40146 0.00119887 0.642507 0
1.46 1.21101 0.00615606 1.9793e-05 0.199941 0.301408 0 0.000608945 150.285 0 6.49029 0.00121542 0.642507 0
1.48 1.21101 0.00615606 1.9793e-05 0.199941 0.301408 0 0.000608945 150.285 0 6.57912 0.00123196 0.642507 0
1.5 1.21101 0.00615606 1.9793e-05 0.199941 0.301408 0 0.000608945 150.285 0 6.66796 0.0012485 0.642507 0
1.52 1.21101 0.00615606 1.9793e-05 0.199941 0.301408 0 0.000608945 150.285 0 6.75679 0.00126505 0.642507 0
1.54 1.21101 0.00615606 1.9793e-05 0.199941 0.301408 0 0.000608945 150.285 0 6.84562 0.00128159 0.642507 0
1.56 1.21101 0.00615606 1.9793e-05 0.199941 0.301408 0 0.000608945 150.285 0 6.93445 0.00129813 0.642507 0
1.58 1.21101 0.00615606 1.9793e-05 0.199941 0.301408 0 0.000608945 150.285 0 7.02328 0.00131468 0.642507 0
1.6 1.21101 0.00615606 1.9793e-05 0.199941 0.301408 0 0.000608945 150.285 0 7.11211 0.00133122 0.642507 0
1.62 1.21101 0.00615606 1.9793e-05 0.199941 0.301408 0 0.000608945 150.285 0 7.20094 0.00134776 0.642507 0
1.64 1.21101 0.00615606 1.9793e-05 0.199941 0.301408 0 0.000608945 150.285 0 7.28977 0.00136431 0.642507 0
1.66 1.21101 0.00615606 1.9793e-05 0.199941 0.301408 0 0.000608945 150.285 0 7.3786 0.00138085 0.642507 0
1.68 1.21101 0.00615606 1.9793e-05 0.199941 0.301408 0 0.000608945 150.285 0 7.46743 0.00139739 0.642507 0
1.7 1.21101 0.00615606 1.9793e-05 0.199941 0.301408 0 0.000608945 150.285 0 7.55626 0.00141393 0.642507 0
1.72 1.21101 0.00615606 1.9793e-05 0.199941 0.301408 0 0.000608945 150.285 0 7.64509 0.00143048 0.642507 0
1.74 1.21101 0.00615606 1.9793e-05 0.199941 0.301408 0 0.000608945 150.285 0 7.73393 0.00144702 0.642507 0
1.76 1.21101 0.00615606 1.9793e-05 0.199941 0.301408 0 0.000608945 150.285 0 7.82276 0.00146356 0.642507 0
1.78 1.21101 0.00615606 1.9793e-05 0.199941 0.301408 0 0.000608945 150.285 0 7.91159 0.00148011 0.642507 0
1.8 1.21101 0.00615606 1.9793e-05 0.199941 0.301408 0 0.000608945 150.285 0 8.00042 0.00149665 0.642507 0
1.82 1.21101 0.00615606 1.9793e-05 0.199941 0.301408 0 0.000608945 150.285 0 8.08925 0.00151319 0.642507 0
1.84 1.21101 0.00615606 1.9793e-05 0.199941 0.301408 0 0.000608945 150.285 0 8.17808 0.00152974 0.642507 0
1.86 1.21101 0.00615606 1.9793e-05 0.199941 0.301408 0 0.000608945 150.285 0 8.26691 0.00154628 0.642507 0
1.88 1.21101 0.00615606 1.9793e-05 0.199941 0.301408 0 0.000608945 150.285 0 8.35574 0.00156282 0.642507 0
1.9 1.21101 0.00615606 1.9793e-05 0.199941 0.301408 0 0.000608945 150.285 0 8.44457 0.00157937 0.642507 0
1.92 1.21101 0.00615606 1.9793e-05 0.199941 0.301408 0 0.000608945 150.285 0 8.5334 0.00159591 0.642507 0
1.94 1.21101 0.00615606 1.9793e-05 0.199941 0.301408 0 0.000608945 150.285 0 8.62223 0.00161245 0.642507 0
1.96 1.21101 0.00615606 1.9793e-05 0.199941 0.301408 0 0.000608945 150.285 0 8.71107 0.00162899 0.642507 0
1.98 1.21101 0.00615606 1.9793e-05 0.199941 0.301408 0 0.000608945 150.285 0 8.7999 0.00164554 0.642507 0
2 1.21101 0.00615606 1.9793e-05 0.199941 0.301408 0 0.000608945 150.285 0 8.88873 0.00166208 0.642507 0
2.02 1.21101 0.00615606 1.9793e-05 0.199941 0.301408 0 0.000608945 150.285 0 8.97756 0.00167862 0.642507 0
2.04 1.21101 0.00615606 1.9793e-05 0.199941 0.301408 0 0.000608945 150.285 0 9.06639 0.00169517 0.642507 0
2.06 1.21101 0.00615606 1.9793e-05 0.199941 0.301408 0 0.000608945 150.285 0 9.15522 0.00171171 0.642507 0
2.08 1.21101 0.00615606 1.9793e-05 0.199941 0.301408 0 0.000608945 150.285 0 9.24405 0.00172825 0.642507 0
2.1 1.21101 0.00615606 1.9793e-05 0.199941 0.301408 0 0.000608945 150.285 0 9.33288 0.0017448 0.642507 0
2.12 1.21101 0.00615606 1.9793e-05 0.199941 0.301408 0 0.000608945 150.285 0 9.42171 0.00176134 0.642507 0
2.14 1.21101 0.00615606 1.9793e-05 0.199941 0.301408 0 0.000608945 150.285 0 9.51054 0.00177788 0.642507 0
2.16 1.21101 0.00615606 1.9793e-05 0.199941 0.301408 0 0.000608945 150.285 0 9.59937 0.00179443 0.642507 0
2.18 1.21101 0.00615606 1.9793e-05 0.199941 0.301408 0 0.000608945 150.285 0 9.68821 0.00181097 0.642507 0
2.2 1.21101 0.00615606 1.9793e-05 0.199941 0.301408 0 0.000608945 150.285 0 9.77704 0.00182751 0.642507 0
2.22 1.21101 0.00615606 1.9793e-05 0.199941 0.301408 0 0.000608945 150.285 0 9.86587 0.00184405 0.642507 0
2.24 1.21101 0.00615606 1.9793e-05 0.199941 0.301408 0 0.000608945 150.285 0 9.9547 0.0018606 0.642507 0
2.26 1.21101 0.00615606 1.9793e-05 0.199941 0.301408 0 0.000608945 150.285 0 10.0435 0.00187714 0.642507 0
2.28 1.21101 0.00615606 1.9793e-05 0.199941 0.301408 0 0.000608945 150.285 0 10.1324 0.00189368 0.642507 0
2.3 1.21101 0.00615606 1.9793e-05 0.199941 0.301408 0 0.000608945 150.285 0 10.2212 0.00191023 0.642507 0
2.32 1.21101 0.00615606 1.9793e-05 0.199941 0.301408 0 0.000608945 150.285 0 10.31 0.00192677 0.642507 0
2.34 1.21101 0.00615606 1.9793e-05 0.199941 0.301408 0 0.000608945 150.285 0 10.3989 0.00194331 0.642507 0
2.36 1.21101 0.00615606 1.9793e-05 0.199941 0.301408 0 0.000608945 150.285 0 10.4877 0.00195986 0.642507 0
2.38 1.21101 0.00615606 1.9793e-05 0.199941 0.301408 0 0.000608945 150.285 0 10.5765 0.0019764 0.642507 0
2.4 1.21101 0.00615606 1.9793e-05 0.199941 0.301408 0 0.000608945 150.285 0 10.6653 0.00199294 0.642507 0
2.42 1.21101 0.00615606 1.9793e-05 0.199941 0.301408 0 0.000608945 150.285 0 10.7542 0.00200949 0.642507 0
2.44 1.21101 0.00615606 1.9793e-05 0.199941 0.301408 0 0.000608945 150.285 0 10.843 0.00202603 0.642507 0
2.46 1.21101 0.00615606 1.9793e-05 0.199941 0.301408 0 0.000608945 150.285 0 10.9318 0.00204257 0.642507 0
2.48 1.21101 0.00615606 1.9793e-05 0.199941 0.301408 0 0.000608945 150.285 0 11.0207 0.00205911 0.642507 0
2.5 1.21101 0.00615606 1.9793e-05 0.199941 0.301408 0 0.000608945 150.285 0 11.1095 0.00207566 0.642507 0
2.52 1.21101 0.00615606 1.9793e-05 0.199941 0.301408 0 0.000608945 150.285 0 11.1983 0.0020922 0.642507 0
2.54 1.21101 0.00615606 1.9793e-05 0.199941 0.301408 0 0.000608945 150.285 0 11.2872 0.00210874 0.642507 0
2.56 1.21101 0.00615606 1.9793e-05 0.199941 0.301408 0 0.000608945 150.285 0 11.376 0.00212529 0.642507 0
2.58 1.21101 0.00615606 1.9793e-05 0.199941 0.301408 0 0.000608945 150.285 0 11.4648 0.00214183 0.642507 0
2.6 1.21101 0.00615606 1.9793e-05 0.199941 0.301408 0 0.000608945 150.285 0 11.5537 0.00215837 0.642507 0
2.62 1.21101 0.00615606 1.9793e-05 0.199941 0.301408 0 0.000608945 150.285 0 11.6425 0.00217492 0.642507 0
2.64 1.21101 0.00615606 1.9793e-05 0.199941 0.301408 0 0.000608945 150.285 0 11.7313 0.00219146 0.642507 0
2.66 1.21101 0.00615606 1.9793e-05 0.199941 0.301408 0 0.000608945 150.285 0 11.8201 0.002208 0.642507 0
2.68 1.21101 0.00615606 1.9793e-05 0.199941 0.301408 0 0.000608945 150.285 0 11.909 0.00222455 0.642507 0
2.7 1.21101 0.00615606 1.9793e-05 0.199941 0.301408 0 0.000608945 150.285 0 11.9978 0.00224109 0.642507 0
2.72 1.21101 0.00615606 1.9793e-05 0.199941 0.301408 0 0.000608945 150.285 0 12.0866 0.00225763 0.642507 0
2.74 1.21101 0.00615606 1.9793e-05 0.199941 0.301408 0 0.000608945 150.285 0 12.1755 0.00227418 0.642507 0
2.76 1.21101 0.00615606 1.9793e-05 0.199941 0.301408 0 0.000608945 150.285 0 12.2643 0.00229072 0.642507 0
2.78 1.21101 0.00615606 1.9793e-05 0.199941 0.301408 0 0.000608945 150.285 0 12.3531 0.00230726 0.642507 0
2.8 1.21101 0.00615606 1.9793e-05 0.199941 0.301408 0 0.000608945 150.285 0 12.442 0.0023238 0.642507 0
2.82 1.21101 0.00615606 1.9793e-05 0.199941 0.301408 0 0.000608945 150.285 0 12.5308 0.00234035 0.642507 0
2.84 1.21101 0.00615606 1.9793e-05 0.199941 0.301408 0 0.000608945 150.285 0 12.6196 0.00235689 0.642507 0
2.86 1.21101 0.00615606 1.9793e-05 0.199941 0.301408 0 0.000608945 150.285 0 12.7085 0.00237343 0.642507 0
2.88 1.21101 0.00615606 1.9793e-05 0.199941 0.301408 0 0.000608945 150.285 0 12.7973 0.00238998 0.642507 0
2.9 1.21101 0.00615606 1.9793e-05 0.199941 0.301408 0 0.000608945 150.285 0 12.8861 0.00240652 0.642507 0
2.92 1.21101 0.00615606 1.9793e-05 0.199941 0.301408 0 0.000608945 150.285 0 12.9749 0.00242306 0.642507 0
2.94 1.21101 0.00615606 1.9793e-05 0.199941 0.301408 0 0.000608945 150.285 0 13.0638 0.00243961 0.642507 0
2.96 1.21101 0.00615606 1.9793e-05 0.199941 0.301408 0 0.000608945 150.285 0 13.1526 0.00245615 0.642507 0
2.98 1.21101 0.00615606 1.9793e-05 0.199941 0.301408 0 0.000608945 150.285 0 13.2414 0.00247269 0.642507 0
3 1.21101 0.00615606 1.9793e-05 0.199941 0.301408 0 0.000608945 150.285 0 13.3303 0.00248924 0.642507 0
3.02 1.21101 0.00615606 1.9793e-05 0.199941 0.301408 0 0.000608945 150.285 0 13.4191 0.00250578 0.642507 0
3.04 1.21101 0.00615606 1.9793e-05 0.199941 0.301408 0 0.000608945 150.285 0 13.5079 0.00252232 0.642507 0
3.06 1.21101 0.00615606 1.9793e-05 0.199941 0.301408 0 0.000608945 150.285 0 13.5968 0.00253886 0.642507 0
3.08 1.21101 0.00615606 1.9793e-05 0.199941 0.301408 0 0.000608945 150.285 0 13.6856 0.00255541 0.642507 0
3.1 1.21101 0.00615606 1.9793e-05 0.199941 0.301408 0 0.000608945 150.285 0 13.7744 0.00257195 0.642507 0
3.12 1.21101 0.00615606 1.9793e-05 0.199941 0.301408 0 0.000608945 150.285 0 13.8633 0.00258849 0.642507 0
3.14 1.21101 0.00615606 1.9793e-05 0.199941 0.301408 0 0.000608945 150.285 0 13.9521 0.00260504 0.642507 0
3.16 1.21101 0.00615606 1.9793e-05 0.199941 0.301408 0 0.000608945 150.285 0 14.0409 0.00262158 0.642507 0
3.18 1.21101 0.00615606 1.9793e-05 0.199941 0.301408 0 0.000608945 150.285 0 14.1297 0.00263812 0.642507 0
3.2 1.21101 0.00615606 1.9793e-05 0.199941 0.301408 0 0.000608945 150.285 0 14.2186 0.00265467 0.642507 0
3.22 1.21101 0.00615606 1.9793e-05 0.199941 0.301408 0 0.000608945 150.285 0 14.3074 0.00267121 0.642507 0
3.24 1.21101 0.00615606 1.9793e-05 0.199941 0.301408 0 0.000608945 150.285 0 14.3962 0.00268775 0.642507 0
3.26 1.21101 0.00615606 1.9793e-05 0.199941 0.301408 0 0.000608945 150.285 0 14.4851 0.0027043 0.642507 0
3.28 1.21101 0.00615606 1.9793e-05 0.199941 0.301408 0 0.000608945 150.285 0 14.5739 0.00272084 0.642507 0
3.3 1.21101 0.00615606 1.9793e-05 0.199941 0.301408 0 0.000608945 150.285 0 14.6627 0.00273738 0.642507 0
3.32 1.21101 0.00615606 1.9793e-05 0.199941 0.301408 0 0.000608945 150.285 0 14.7516 0.00275392 0.642507 0
3.34 1.21101 0.00615606 1.9793e-05 0.199941 0.301408 0 0.000608945 150.285 0 14.8404 0.00277047 0.642507 0
3.36 1.21101 0.00615606 1.9793e-05 0.199941 0.301408 0 0.000608945 150.285 0 14.9292 0.00278701 0.642507 0
3.38 1.21101 0.00615606 1.9793e-05 0.199941 0.301408 0 0.000608945 150.285 0 15.0181 0.00280355 0.642507 0
3.4 1.21101 0.00615606 1.9793e-05 0.199941 0.301408 0 0.000608945 150.285 0 15.1069 0.0028201 0.642507 0
3.42 1.21101 0.00615606 1.9793e-05 0.199941 0.301408 0 0.000608945 150.285 0 15.1957 0.00283664 0.642507 0
3.44 1.21101 0.00615606 1.9793e-05 0.199941 0.301408 0 0.000608945 150.285 0 15.2846 0.00285318 0.642507 0
3.46 1.21101 0.00615606 1.9793e-05 0.199941 0.301408 0 0.000608945 150.285 0 15.3734 0.00286973 0.642507 0
3.48 1.21101 0.00615606 1.9793e-05 0.199941 0.301408 0 0.000608945 150.285 0 15.4622 0.00288627 0.642507 0
3.5 1.21101 0.00615606 1.9793e-05 0.199941 0.301408 0 0.000608945 150.285 0 15.551 0.00290281 0.642507 0
3.52 1.21101 0.00615606 1.9793e-05 0.199941 0.301408 0 0.000608945 150.285 0 15.6399 0.00291936 0.642507 0
3.54 1.21101 0.00615606 1.9793e-05 0.199941 0.301408 0 0.000608945 150.285 0 15.7287 0.0029359 0.642507 0
3.56 1.21101 0.00615606 1.9793e-05 0.199941 0.301408 0 0.000608945 150.285 0 15.8175 0.00295244 0.642507 0
3.58 1.21101 0.00615606 1.9793e-05 0.199941 0.301408 0 0.000608945 150.285 0 15.9064 0.00296898 0.642507 0
3.6 1.21101 0.00615606 1.9793e-05 0.199941 0.301408 0 0.000608945 150.285 0 15.9952 0.00298553 0.642507 0
3.62 1.21101 0.00615606 1.9793e-05 0.199941 0.301408 0 0.000608945 150.285 0 16.084 0.00300207 0.642507 0
3.64 1.21101 0.00615606 1.9793e-05 0.199941 0.301408 0 0.000608945 150.285 0 16.1729 0.00301861 0.642507 0
3.66 1.21101 0.00615606 1.9793e-05 0.199941 0.301408 0 0.000608945 150.285 0 16.2617 0.00303516 0.642507 0
3.68 1.21101 0.00615606 1.9793e-05 0.199941 0.301408 0 0.000608945 150.285 0 16.3505 0.0030517 0.642507 0
3.7 1.21101 0.00615606 1.9793e-05 0.199941 0.301408 0 0.000608945 150.285 0 16.4394 0.00306824 0.642507 0
3.72 1.21101 0.00615606 1.9793e-05 0.199941 0.301408 0 0.000608945 150.285 0 16.5282 0.00308479 0.642507 0
3.74 1.21101 0.00615606 1.9793e-05 0.199941 0.301408 0 0.000608945 150.285 0 16.617 0.00310133 0.642507 0
3.76 1.21101 0.00615606 1.9793e-05 0.199941 0.301408 0 0.000608945 150.285 0 16.7058 0.00311787 0.642507 0
3.78 1.21101 0.00615606 1.9793e-05 0.199941 0.301408 0 0.000608945 150.285 0 16.7947 0.00313442 0.642507 0
3.8 1.21101 0.00615606 1.9793e-05 0.199941 0.301408 0 0.000608945 150.285 0 16.8835 0.00315096 0.642507 0
3.82 1.21101 0.00615606 1.9793e-05 0.199941 0.301408 0 0.000608945 150.285 0 16.9723 0.0031675 0.642507 0
3.84 1.21101 0.00615606 1.9793e-05 0.199941 0.301408 0 0.000608945 150.285 0 17.0612 0.00318405 0.642507 0
3.86 1.21101 0.00615606 1.9793e-05 0.199941 0.301408 0 0.000608945 150.285 0 17.15 0.00320059 0.642507 0
3.88 1.21101 0.00615606 1.9793e-05 0.199941 0.301408 0 0.000608945 150.285 0 17.2388 0.00321713 0.642507 0
3.9 1.21101 0.00615606 1.9793e-05 0.199941 0.301408 0 0.000608945 150.285 0 17.3277 0.00323367 0.642507 0
3.92 1.21101 0.00615606 1.9793e-05 0.199941 0.301408 0 0.000608945 150.285 0 17.4165 0.00325022 0.642507 0
3.94 1.21101 0.00615606 1.9793e-05 0.199941 0.301408 0 0.000608945 150.285 0 17.5053 0.00326676 0.642507 0
3.96 1.21101 0.00615606 1.9793e-05 0.199941 0.301408 0 0.000608945 150.285 0 17.5942 0.0032833 0.642507 0
3.98 1.21101 0.00615606 1.9793e-05 0.199941 0.301408 0 0.000608945 150.285 0 17.683 0.00329985 0.642507 0
4 1.21101 0.00615606 1.9793e-05 0.199941 0.301408 0 0.000608945 150.285 0 17.7718 0.00331639 0.642507 0
4.02 1.21101 0.00615606 1.9793e-05 0.199941 0.301408 0 0.000608945 150.285 0 17.8606 0.00333293 0.642507 0
4.04 1.21101 0.00615606 1.9793e-05 0.199941 0.301408 0 0.000608945 150.285 0 17.9495 0.00334948 0.642507 0
4.06 1.21101 0.00615606 1.9793e-05 0.199941 0.301408 0 0.000608945 150.285 0 18.0383 0.00336602 0.642507 0
4.08 1.21101 0.00615606 1.9793e-05 0.199941 0.301408 0 0.000608945 150.285 0 18.1271 0.00338256 0.642507 0
4.1 1.21101 0.00615606 1.9793e-05 0.199941 0.301408 0 0.000608945 150.285 0 18.216 0.00339911 0.642507 0
4.12 1.21101 0.00615606 1.9793e-05 0.199941 0.301408 0 0.000608945 150.285 0 18.3048 0.00341565 0.642507 0
4.14 1.21101 0.00615606 1.9793e-05 0.199941 0.301408 0 0.000608945 150.285 0 18.3936 0.00343219 0.642507 0
4.16 1.21101 0.00615606 1.9793e-05 0.199941 0.301408 0 0.000608945 150.285 0 18.4825 0.00344873 0.642507 0
4.18 1.21101 0.00615606 1.9793e-05 0.199941 0.301408 0 0.000608945 150.285 0 18.5713 0.00346528 0.642507 0
4.2 1.21101 0.00615606 1.9793e-05 0.199941 0.301408 0 0.000608945 150.285 0 18.6601 0.00348182 0.642507 0
4.22 1.21101 0.00615606 1.9793e-05 0.199941 0.301408 0 0.000608945 150.285 0 18.749 0.00349836 0.642507 0
4.24 1.21101 0.00615606 1.9793e-05 0.199941 0.301408 0 0.000608945 150.285 0 18.8378 0.00351491 0.642507 0
4.26 1.21101 0.00615606 1.9793e-05 0.199941 0.301408 0 0.000608945 150.285 0 18.9266 0.00353145 0.642507 0
4.28 1.21101 0.00615606 1.9793e-05 0.199941 0.301408 0 0.000608945 150.285 0 19.0154 0.00354799 0.642507 0
4.3 1.21101 0.00615606 1.9793e-05 0.199941 0.301408 0 0.000608945 150.285 0 19.1043 0.00356454 0.642507 0
4.32 1.21101 0.00615606 1.9793e-05 0.199941 0.301408 0 0.000608945 150.285 0 19.1931 0.00358108 0.642507 0
4.34 1.21101 0.00615606 1.9793e-05 0.199941 0.301408 0 0.000608945 150.285 0 19.2819 0.00359762 0.642507 0
4.36 1.21101 0.00615606 1.9793e-05 0.199941 0.301408 0 0.000608945 150.285 0 19.3708 0.00361417 0.642507 0
4.38 1.21101 0.00615606 1.9793e-05 0.199941 0.301408 0 0.000608945 150.285 0 19.4596 0.00363071 0.642507 0
4.4 1.21101 0.00615606 1.9793e-05 0.199941 0.301408 0 0.000608945 150.285 0 19.5484 0.00364725 0.642507 0
4.42 1.21101 0.00615606 1.9793e-05 0.199941 0.301408 0 0.000608945 150.285 0 19.6373 0.00366379 0.642507 0
4.44 1.21101 0.00615606 1.9793e-05 0.199941 0.301408 0 0.000608945 150.285 0 19.7261 0.00368034 0.642507 0
4.46 1.21101 0.00615606 1.9793e-05 0.199941 0.301408 0 0.000608945 150.285 0 19.8149 0.00369688 0.642507 0
4.48 1.21101 0.00615606 1.9793e-05 0.199941 0.301408 0 0.000608945 150.285 0 19.9038 0.00371342 0.642507 0
4.5 1.21101 0.00615606 1.9793e-05 0.199941 0.301408 0 0.000608945 150.285 0 19.9926 0.00372997 0.642507 0
4.52 1.21101 0.00615606 1.9793e-05 0.199941 0.301408 0 0.000608945 150.285 0 20.0814 0.00374651 0.642507 0
4.54 1.21101 0.00615606 1.9793e-05 0.199941 0.301408 0 0.000608945 150.285 0 20.1703 0.00376305 0.642507 0
4.56 1.21101 0.00615606 1.9793e-05 0.199941 0.301408 0 0.000608945 150.285 0 20.2591 0.0037796 0.642507 0
4.58 1.21101 0.00615606 1.9793e-05 0.199941 0.301408 0 0.000608945 150.285 0 20.3479 0.00379614 0.642507 0
4.6 1.21101 0.00615606 1.9793e-05 0.199941 0.301408 0 0.000608945 150.285 0 20.4367 0.00381268 0.642507 0
4.62 1.21101 0.00615606 1.9793e-05 0.199941 0.301408 0 0.000608945 150.285 0 20.5256 0.00382923 0.642507 0
4.64 1.21101 0.00615606 1.9793e-05 0.199941 0.301408 0 0.000608945 150.285 0 20.6144 0.00384577 0.642507 0
4.66 1.21101 0.00615606 1.9793e-05 0.199941 0.301408 0 0.000608945 150.285 0 20.7032 0.00386231 0.642507 0
4.68 1.21101 0.00615606 1.9793e-05 0.199941 0.301408 0 0.000608945 150.285 0 20.7921 0.00387885 0.642507 0
4.7 1.21101 0.00615606 1.9793e-05 0.199941 0.301408 0 0.000608945 150.285 0 20.8809 0.0038954 0.642507 0
4.72 1.21101 0.00615606 1.9793e-05 0.199941 0.301408 0 0.000608945 150.285 0 20.9697 0.00391194 0.642507 0
4.74 1.21101 0.00615606 1.9793e-05 0.199941 0.301408 0 0.000608945 150.285 0 21.0586 0.00392848 0.642507 0
4.76 1.21101 0.00615606 1.9793e-05 0.199941 0.301408 0 0.000608945 150.285 0 21.1474 0.00394503 0.642507 0
4.78 1.21101 0.00615606 1.9793e-05 0.199941 0.301408 0 0.000608945 150.285 0 21.2362 0.00396157 0.642507 0
4.8 1.21101 0.00615606 1.9793e-05 0.199941 0.301408 0 0.000608945 150.285 0 21.3251 0.00397811 0.642507 0
4.82 1.21101 0.00615606 1.9793e-05 0.199941 0.301408 0 0.000608945 150.285 0 21.4139 0.00399466 0.642507 0
4.84 1.21101 0.00615606 1.9793e-05 0.199941 0.301408 0 0.000608945 150.285 0 21.5027 0.0040112 0.642507 0
4.86 1.21101 0.00615606 1.9793e-05 0.199941 0.301408 0 0.000608945 150.285 0 21.5915 0.00402774 0.642507 0
4.88 1.21101 0.00615606 1.9793e-05 0.199941 0.301408 0 0.000608945 150.285 0 21.6804 0.00404429 0.642507 0
4.9 1.21101 0.00615606 1.9793e-05 0.199941 0.301408 0 0.000608945 150.285 0 21.7692 0.00406083 0.642507 0
4.92 1.21101 0.00615606 1.9793e-05 0.199941 0.301408 0 0.000608945 150.285 0 21.858 0.00407737 0.642507 0
4.94 1.21101 0.00615606 1.9793e-05 0.199941 0.301408 0 0.000608945 150.285 0 21.9469 0.00409392 0.642507 0
4.96 1.21101 0.00615606 1.9793e-05 0.199941 0.301408 0 0.000608945 150.285 0 22.0357 0.00411046 0.642507 0
4.98 1.21101 0.00615606 1.9793e-05 0.199941 0.301408 0 0.000608945 150.285 0 22.1245 0.004127 0.642507 0
5 1.21101 0.00615606 1.9793e-05 0.199941 0.301408 0 0.000608945 150.285 0 22.2134 0.00414354 0.642507 0
5.02 1.21101 0.00615606 1.9793e-05 0.199941 0.301408 0 0.000608945 150.285 0 22.3022 0.00416009 0.642507 0
5.04 1.21101 0.00615606 1.9793e-05 0.199941 0.301408 0 0.000608945 150.285 0 22.391 0.00417663 0.642507 0
5.06 1.21101 0.00615606 1.9793e-05 0.199941 0.301408 0 0.000608945 150.285 0 22.4799 0.00419317 0.642507 0
5.08 1.21101 0.00615606 1.9793e-05 0.199941 0.301408 0 0.000608945 150.285 0 22.5687 0.00420972 0.642507 0
5.1 1.21101 0.00615606 1.9793e-05 0.199941 0.301408 0 0.000608945 150.285 0 22.6575 0.00422626 0.642507 0
5.12 1.21101 0.00615606 1.9793e-05 0.199941 0.301408 0 0.000608945 150.285 0 22.7463 0.0042428 0.642507 0
5.14 1.21101 0.00615606 1.9793e-05 0.199941 0.301408 0 0.000608945 150.285 0 22.8352 0.00425935 0.642507 0
5.16 1.21101 0.00615606 1.9793e-05 0.199941 0.301408 0 0.000608945 150.285 0 22.924 0.00427589 0.642507 0
5.18 1.21101 0.00615606 1.9793e-05 0.199941 0.301408 0 0.000608945 150.285 0 23.0128 0.00429243 0.642507 0
5.2 1.21101 0.00615606 1.9793e-05 0.199941 0.301408 0 0.000608945 150.285 0 23.1017 0.00430898 0.642507 0
5.22 1.21101 0.00615606 1.9793e-05 0.199941 0.301408 0 0.000608945 150.285 0 23.1905 0.00432552 0.642507 0
5.24 1.21101 0.00615606 1.9793e-05 0.199941 0.301408 0 0.000608945 150.285 0 23.2793 0.00434206 0.642507 0
5.26 1.21101 0.00615606 1.9793e-05 0.199941 0.301408 0 0.000608945 150.285 0 23.3682 0.0043586 0.642507 0
5.28 1.21101 0.00615606 1.9793e-05 0.199941 0.301408 0 0.000608945 150.285 0 23.457 0.00437515 0.642507 0
5.3 1.21101 0.00615606 1.9793e-05 0.199941 0.301408 0 0.000608945 150.285 0 23.5458 0.00439169 0.642507 0
5.32 1.21101 0.00615606 1.9793e-05 0.199941 0.301408 0 0.000608945 150.285 0 23.6347 0.00440823 0.642507 0
5.34 1.21101 0.00615606 1.9793e-05 0.199941 0.301408 0 0.000608945 150.285 0 23.7235 0.00442478 0.642507 0
5.36 1.21101 0.00615606 1.9793e-05 0.199941 0.301408 0 0.000608945 150.285 0 23.8123 0.00444132 0.642507 0
5.38 1.21101 0.00615606 1.9793e-05 0.199941 0.301408 0 0.000608945 150.285 0 23.9011 0.00445786 0.642507 0
5.4 1.21101 0.00615606 1.9793e-05 0.199941 0.301408 0 0.000608945 150.285 0 23.99 0.00447441 0.642507 0
5.42 1.21101 0.00615606 1.9793e-05 0.199941 0.301408 0 0.000608945 150.285 0 24.0788 0.00449095 0.642507 0
5.44 1.21101 0.00615606 1.9793e-05 0.199941 0.301408 0 0.000608945 150.285 0 24.1676 0.00450749 0.642507 0
5.46 1.21101 0.00615606 1.9793e-05 0.199941 0.301408 0 0.000608945 150.285 0 24.2565 0.00452404 0.642507 0
5.48 1.21101 0.00615606 1.9793e-05 0.199941 0.301408 0 0.000608945 150.285 0 24.3453 0.00454058 0.642507 0
5.5 1.21101 0.00615606 1.9793e-05 0.199941 0.301408 0 0.000608945 150.285 0 24.4341 0.00455712 0.642507 0
5.52 1.21101 0.00615606 1.9793e-05 0.199941 0.301408 0 0.000608945 150.285 0 24.523 0.00457366 0.642507 0
5.54 1.21101 0.00615606 1.9793e-05 0.199941 0.301408 0 0.000608945 150.285 0 24.6118 0.00459021 0.642507 0
5.56 1.21101 0.00615606 1.9793e-05 0.199941 0.301408 0 0.000608945 150.285 0 24.7006 0.00460675 0.642507 0
5.58 1.21101 0.00615606 1.9793e-05 0.199941 0.301408 0 0.000608945 150.285 0 24.7895 0.00462329 0.642507 0
5.6 1.21101 0.00615606 1.9793e-05 0.199941 0.301408 0 0.000608945 150.285 0 24.8783 0.00463984 0.642507 0
5.62 1.21101 0.00615606 1.9793e-05 0.199941 0.301408 0 0.000608945 150.285 0 24.9671 0.00465638 0.642507 0
5.64 1.21101 0.00615606 1.9793e-05 0.199941 0.301408 0 0.000608945 150.285 0 25.0559 0.00467292 0.642507 0
5.66 1.21101 0.00615606 1.9793e-05 0.199941 0.301408 0 0.000608945 150.285 0 25.1448 0.00468947 0.642507 0
5.68 1.21101 0.00615606 1.9793e-05 0.199941 0.301408 0 0.000608945 150.285 0 25.2336 0.00470601 0.642507 0
5.7 1.21101 0.00615606 1.9793e-05 0.199941 0.301408 0 0.000608945 150.285 0 25.3224 0.00472255 0.642507 0
5.72 1.21101 0.00615606 1.9793e-05 0.199941 0.301408 0 0.000608945 150.285 0 25.4113 0.0047391 0.642507 0
5.74 1.21101 0.00615606 1.9793e-05 0.199941 0.301408 0 0.000608945 150.285 0 25.5001 0.00475564 0.642507 0
5.76 1.21101 0.00615606 1.9793e-05 0.199941 0.301408 0 0.000608945 150.285 0 25.5889 0.00477218 0.642507 0
5.78 1.21101 0.00615606 1.9793e-05 0.199941 0.301408 0 0.000608945 150.285 0 25.6778 0.00478872 0.642507 0
5.8 1.21101 0.00615606 1.9793e-05 0.199941 0.301408 0 0.000608945 150.285 0 25.7666 0.00480527 0.642507 0
5.82 1.21101 0.00615606 1.9793e-05 0.199941 0.301408 0 0.000608945 150.285 0 25.8554 0.00482181 0.642507 0
5.84 1.21101 0.00615606 1.9793e-05 0.199941 0.301408 0 0.000608945 150.285 0 25.9443 0.00483835 0.642507 0
5.86 1.21101 0.00615606 1.9793e-05 0.199941 0.301408 0 0.000608945 150.285 0 26.0331 0.0048549 0.642507 0
5.88 1.21101 0.00615606 1.9793e-05 0.199941 0.301408 0 0.000608945 150.285 0 26.1219 0.00487144 0.642507 0
5.9 1.21101 0.00615606 1.9793e-05 0.199941 0.301408 0 0.000608945 150.285 0 26.2108 0.00488798 0.642507 0
5.92 1.21101 0.00615606 1.9793e-05 0.199941 0.301408 0 0.000608945 150.285 0 26.2996 0.00490453 0.642507 0
5.94 1.21101 0.00615606 1.9793e-05 0.199941 0.301408 0 0.000608945 150.285 0 26.3884 0.00492107 0.642507 0
5.96 1.21101 0.00615606 1.9793e-05 0.199941 0.301408 0 0.000608945 150.285 0 26.4772 0.00493761 0.642507 0
5.98 1.21101 0.00615606 1.9793e-05 0.199941 0.301408 0 0.000608945 150.285 0 26.5661 0.00495416 0.642507 0
6 1.21101 0.00615606 1.9793e-05 0.199941 0.301408 0 0.000608945 150.285 0 26.6549 0.0049707 0.642507 0
6.02 1.21101 0.00615606 1.9793e-05 0.199941 0.301408 0 0.000608945 150.285 0 26.7437 0.00498724 0.642507 0
6.04 1.21101 0.00615606 1.9793e-05 0.199941 0.301408 0 0.000608945 150.285 0 26.8326 0.00500379 0.642507 0
6.06 1.21101 0.00615606 1.9793e-05 0.199941 0.301408 0 0.000608945 150.285 0 26.9214 0.00502033 0.642507 0
6.08 1.21101 0.00615606 1.9793e-05 0.199941 0.301408 0 0.000608945 150.285 0 27.0102 0.00503687 0.642507 0
6.1 1.21101 0.00615606 1.9793e-05 0.199941 0.301408 0 0.000608945 150.285 0 27.0991 0.00505341 0.642507 0
6.12 1.21101 0.00615606 1.9793e-05 0.199941 0.301408 0 0.000608945 150.285 0 27.1879 0.00506996 0.642507 0
6.14 1.21101 0.00615606 1.9793e-05 0.199941 0.301408 0 0.000608945 150.285 0 27.2767 0.0050865 0.642507 0
6.16 1.21101 0.00615606 1.9793e-05 0.199941 0.301408 0 0.000608945 150.285 0 27.3656 0.00510304 0.642507 0
6.18 1.21101 0.00615606 1.9793e-05 0.199941 0.301408 0 0.000608945 150.285 0 27.4544 0.00511959 0.642507 0
6.2 1.21101 0.00615606 1.9793e-05 0.199941 0.301408 0 0.000608945 150.285 0 27.5432 0.00513613 0.642507 0
6.22 1.21101 0.00615606 1.9793e-05 0.199941 0.301408 0 0.000608945 150.285 0 27.632 0.00515267 0.642507 0
6.24 1.21101 0.00615606 1.9793e-05 0.199941 0.301408 0 0.000608945 150.285 0 27.7209 0.00516922 0.642507 0
6.26 1.21101 0.00615606 1.9793e-05 0.199941 0.301408 0 0.000608945 150.285 0 27.8097 0.00518576 0.642507 0
6.28 1.21101 0.00615606 1.9793e-05 0.199941 0.301408 0 0.000608945 150.285 0 27.8985 0.0052023 0.642507 0
6.3 1.21101 0.00615606 1.9793e-05 0.199941 0.301408 0 0.000608945 150.285 0 27.9874 0.00521885 0.642507 0
6.32 1.21101 0.00615606 1.9793e-05 0.199941 0.301408 0 0.000608945 150.285 0 28.0762 0.00523539 0.642507 0
6.34 1.21101 0.00615606 1.9793e-05 0.199941 0.301408 0 0.000608945 150.285 0 28.165 0.00525193 0.642507 0
6.36 1.21101 0.00615606 1.9793e-05 0.199941 0.301408 0 0.000608945 150.285 0 28.2539 0.00526847 0.642507 0
6.38 1.21101 0.00615606 1.9793e-05 0.199941 0.301408 0 0.000608945 150.285 0 28.3427 0.00528502 0.642507 0
6.4 1.21101 0.00615606 1.9793e-05 0.199941 0.301408 0 0.000608945 150.285 0 28.4315 0.00530156 0.642507 0
6.42 1.21101 0.00615606 1.9793e-05 0.199941 0.301408 0 0.000608945 150.285 0 28.5204 0.0053181 0.642507 0
6.44 1.21101 0.00615606 1.9793e-05 0.199941 0.301408 0 0.000608945 150.285 0 28.6092 0.00533465 0.642507 0
6.46 1.21101 0.00615606 1.9793e-05 0.199941 0.301408 0 0.000608945 150.285 0 28.698 0.00535119 0.642507 0
6.48 1.21101 0.00615606 1.9793e-05 0.199941 0.301408 0 0.000608945 150.285 0 28.7868 0.00536773 0.642507 0
6.5 1.21101 0.00615606 1.9793e-05 0.199941 0.301408 0 0.000608945 150.285 0 28.8757 0.00538428 0.642507 0
6.52 1.21101 0.00615606 1.9793e-05 0.199941 0.301408 0 0.000608945 150.285 0 28.9645 0.00540082 0.642507 0
6.54 1.21101 0.00615606 1.9793e-05 0.199941 0.301408 0 0.000608945 150.285 0 29.0533 0.00541736 0.642507 0
6.56 1.21101 0.00615606 1.9793e-05 0.199941 0.301408 0 0.000608945 150.285 0 29.1422 0.00543391 0.642507 0
6.58 1.21101 0.00615606 1.9793e-05 0.199941 0.301408 0 0.000608945 150.285 0 29.231 0.00545045 0.642507 0
6.6 1.21101 0.00615606 1.9793e-05 0.199941 0.301408 0 0.000608945 150.285 0 29.3198 0.00546699 0.642507 0
6.62 1.21101 0.00615606 1.9793e-05 0.199941 0.301408 0 0.000608945 150.285 0 29.4087 0.00548353 0.642507 0
6.64 1.21101 0.00615606 1.9793e-05 0.199941 0.301408 0 0.000608945 150.285 0 29.4975 0.00550008 0.642507 0
6.66 1.21101 0.00615606 1.9793e-05 0.199941 0.301408 0 0.000608945 150.285 0 29.5863 0.00551662 0.642507 0
6.68 1.21101 0.00615606 1.9793e-05 0.199941 0.301408 0 0.000608945 150.285 0 29.6752 0.00553316 0.642507 0
6.7 1.21101 0.00615606 1.9793e-05 0.199941 0.301408 0 0.000608945 150.285 0 29.764 0.00554971 0.642507 0
6.72 1.21101 0.00615606 1.9793e-05 0.199941 0.301408 0 0.000608945 150.285 0 29.8528 0.00556625 0.642507 0
6.74 1.21101 0.00615606 1.9793e-05 0.199941 0.301408 0 0.000608945 150.285 0 29.9416 0.00558279 0.642507 0
6.76 1.21101 0.00615606 1.9793e-05 0.199941 0.301408 0 0.000608945 150.285 0 30.0305 0.00559934 0.642507 0
6.78 1.21101 0.00615606 1.9793e-05 0.199941 0.301408 0 0.000608945 150.285 0 30.1193 0.00561588 0.642507 0
6.8 1.21101 0.00615606 1.9793e-05 0.199941 0.301408 0 0.000608945 150.285 0 30.2081 0.00563242 0.642507 0
6.82 1.21101 0.00615606 1.9793e-05 0.199941 0.301408 0 0.000608945 150.285 0 30.297 0.00564897 0.642507 0
6.84 1.21101 0.00615606 1.9793e-05 0.199941 0.301408 0 0.000608945 150.285 0 30.3858 0.00566551 0.642507 0
6.86 1.21101 0.00615606 1.9793e-05 0.199941 0.301408 0 0.000608945 150.285 0 30.4746 0.00568205 0.642507 0
6.88 1.21101 0.00615606 1.9793e-05 0.199941 0.301408 0 0.000608945 150.285 0 30.5635 0.00569859 0.642507 0
6.9 1.21101 0.00615606 1.9793e-05 0.199941 0.301408 0 0.000608945 150.285 0 30.6523 0.00571514 0.642507 0
6.92 1.21101 0.00615606 1.9793e-05 0.199941 0.301408 0 0.000608945 150.285 0 30.7411 0.00573168 0.642507 0
6.94 1.21101 0.00615606 1.9793e-05 0.199941 0.301408 0 0.000608945 150.285 0 30.83 0.00574822 0.642507 0
6.96 1.21101 0.00615606 1.9793e-05 0.199941 0.301408 0 0.000608945 150.285 0 30.9188 0.00576477 0.642507 0
6.98 1.21101 0.00615606 1.9793e-05 0.199941 0.301408 0 0.000608945 150.285 0 31.0076 0.00578131 0.642507 0

