Time(min) prod sp3 fsc2 qsc2 fum Bypass qh psi fc1 fsdh lk fc2
0.02 3.84458 0.00314891 1.71468e-05 0.199893 0.360878 0 0.00124684 169.16 0 665.369 8.34289 1.23557
0.04 2.65349 0.0028525 1.85794e-05 0.199885 0.476568 0 0.00120341 163.131 0 715.696 6.65127 1.33881
0.06 2.85762 0.00296739 1.99974e-05 0.199876 0.591818 0 0.00131337 165.027 0 764.743 7.16172 1.44092
0.08 3.05179 0.00308886 2.13385e-05 0.199867 0.701651 0 0.00142079 166.707 0 810.479 7.64632 1.53748
0.1 3.22892 0.0032118 2.25552e-05 0.19986 0.802201 0 0.0015213 168.147 0 851.432 8.0876 1.62506
0.12 3.38408 0.00333016 2.36148e-05 0.199853 0.890749 0 0.00161136 169.343 0 886.689 8.47345 1.70132
0.14 3.51453 0.00343808 2.45001e-05 0.199848 0.965784 0 0.00168855 170.305 0 915.858 8.79725 1.76502
0.16 3.61941 0.00353076 2.52071e-05 0.199843 1.02682 0 0.00175154 171.052 0 938.963 9.05706 1.81588
0.18 3.69956 0.00360525 2.5743e-05 0.19984 1.07431 0 0.00180019 171.608 0 956.368 9.25516 1.85443
0.2 3.75706 0.00366064 2.61235e-05 0.199838 1.10938 0 0.00183526 171.998 0 968.668 9.39687 1.88179
0.22 3.79484 0.00369785 2.63699e-05 0.199836 1.13363 0 0.00185829 172.25 0 976.601 9.4896 1.8995
0.24 3.81631 0.00371915 2.65059e-05 0.199835 1.14889 0 0.00187122 172.391 0 980.97 9.54187 1.90926
0.26 3.82493 0.00372752 2.65557e-05 0.199835 1.15705 0 0.00187615 172.447 0 982.565 9.56235 1.91283
0.28 3.82401 0.00372619 2.65421e-05 0.199835 1.15993 0 0.00187516 172.438 0 982.121 9.55927 1.91183
0.3 3.81646 0.00371817 2.64849e-05 0.199835 1.1591 0 0.00187008 172.387 0 980.278 9.5399 1.90771
0.32 3.80476 0.00370603 2.64008e-05 0.199836 1.15593 0 0.00186247 172.307 0 977.57 9.51035 1.90165
0.34 3.79086 0.00369183 2.63031e-05 0.199837 1.15148 0 0.00185357 172.213 0 974.419 9.47547 1.89461
0.36 3.77624 0.00367707 2.62014e-05 0.199837 1.14656 0 0.00184429 172.114 0 971.139 9.4389 1.88729
0.38 3.76194 0.0036628 2.61028e-05 0.199838 1.14176 0 0.00183529 172.017 0 967.956 9.40323 1.88019
0.4 3.74867 0.00364969 2.60118e-05 0.199838 1.13745 0 0.00182699 171.926 0 965.015 9.37017 1.87363
0.42 3.73682 0.00363808 2.59309e-05 0.199839 1.13387 0 0.00181961 171.846 0 962.4 9.3407 1.86781
0.44 3.72659 0.00362815 2.58614e-05 0.199839 1.13111 0 0.00181327 171.776 0 960.152 9.3153 1.86281
0.46 3.71804 0.0036199 2.58035e-05 0.19984 1.1292 0 0.00180799 171.717 0 958.277 9.29408 1.85864
0.48 3.71109 0.00361324 2.57566e-05 0.19984 1.12812 0 0.00180372 171.67 0 956.761 9.27687 1.85527
0.5 3.70564 0.00360804 2.572e-05 0.19984 1.1278 0 0.00180038 171.632 0 955.576 9.26337 1.85264
0.52 3.70153 0.00360414 2.56926e-05 0.19984 1.12815 0 0.00179788 171.604 0 954.688 9.25322 1.85067
0.54 3.69859 0.00360138 2.56732e-05 0.19984 1.12909 0 0.00179611 171.584 0 954.06 9.24599 1.84927
0.56 3.69667 0.00359958 2.56607e-05 0.199841 1.13051 0 0.00179496 171.571 0 953.655 9.24127 1.84838
0.58 3.69561 0.0035986 2.5654e-05 0.199841 1.13235 0 0.00179434 171.564 0 953.439 9.2387 1.8479
0.6 3.69527 0.00359831 2.56523e-05 0.199841 1.13451 0 0.00179416 171.562 0 953.382 9.2379 1.84777
0.62 3.69552 0.00359858 2.56545e-05 0.199841 1.13693 0 0.00179435 171.563 0 953.456 9.23859 1.84793
0.64 3.69626 0.00359932 2.566e-05 0.199841 1.13955 0 0.00179484 171.569 0 953.636 9.24048 1.84833
0.66 3.6974 0.00360043 2.56682e-05 0.199841 1.14232 0 0.00179557 171.577 0 953.902 9.24335 1.84892
0.68 3.69885 0.00360184 2.56785e-05 0.19984 1.1452 0 0.00179649 171.587 0 954.237 9.24699 1.84966
0.7 3.70054 0.00360349 2.56905e-05 0.19984 1.14814 0 0.00179757 171.599 0 954.626 9.25126 1.85053
0.72 3.70243 0.00360532 2.57038e-05 0.19984 1.15112 0 0.00179876 171.612 0 955.057 9.25599 1.85148
0.74 3.70446 0.00360729 2.5718e-05 0.19984 1.15412 0 0.00180004 171.626 0 955.519 9.26109 1.85251
0.76 3.7066 0.00360937 2.57329e-05 0.19984 1.1571 0 0.00180139 171.641 0 956.004 9.26645 1.85358
0.78 3.70882 0.00361151 2.57484e-05 0.19984 1.16006 0 0.00180278 171.656 0 956.504 9.27199 1.85469
0.8 3.71108 0.00361371 2.57641e-05 0.19984 1.16299 0 0.0018042 171.672 0 957.015 9.27764 1.85583
0.82 3.71337 0.00361593 2.578e-05 0.19984 1.16586 0 0.00180564 171.687 0 957.53 9.28336 1.85697
0.84 3.71566 0.00361816 2.57959e-05 0.19984 1.16867 0 0.00180708 171.703 0 958.047 9.2891 1.85812
0.86 3.71795 0.00362038 2.58118e-05 0.19984 1.17142 0 0.00180851 171.719 0 958.561 9.29481 1.85926
0.88 3.72022 0.00362259 2.58275e-05 0.19984 1.1741 0 0.00180994 171.735 0 959.071 9.30048 1.8604
0.9 3.72245 0.00362477 2.58431e-05 0.199839 1.17671 0 0.00181134 171.75 0 959.574 9.30607 1.86151
0.92 3.72465 0.00362692 2.58583e-05 0.199839 1.17923 0 0.00181272 171.765 0 960.067 9.31157 1.86261
0.94 3.72681 0.00362903 2.58732e-05 0.199839 1.18168 0 0.00181408 171.78 0 960.551 9.31695 1.86369
0.96 3.72892 0.00363109 2.58878e-05 0.199839 1.18405 0 0.0018154 171.794 0 961.023 9.32221 1.86474
0.98 3.73097 0.0036331 2.5902e-05 0.199839 1.18634 0 0.00181669 171.809 0 961.484 9.32734 1.86576
1 3.73297 0.00363506 2.59158e-05 0.199839 1.18854 0 0.00181794 171.822 0 961.931 9.33232 1.86675
1.02 3.73491 0.00363696 2.59293e-05 0.199839 1.19067 0 0.00181916 171.836 0 962.365 9.33717 1.86772
1.04 3.73678 0.0036388 2.59423e-05 0.199839 1.19271 0 0.00182034 171.848 0 962.786 9.34186 1.86866
1.06 3.7386 0.00364059 2.59548e-05 0.199839 1.19468 0 0.00182148 171.861 0 963.193 9.34639 1.86956
1.08 3.74036 0.00364232 2.5967e-05 0.199839 1.19657 0 0.00182259 171.873 0 963.586 9.35078 1.87044
1.1 3.74205 0.00364399 2.59787e-05 0.199839 1.19838 0 0.00182365 171.884 0 963.965 9.35501 1.87128
1.12 3.74369 0.0036456 2.599e-05 0.199839 1.20012 0 0.00182468 171.896 0 964.33 9.35909 1.87209
1.14 3.74526 0.00364715 2.60009e-05 0.199838 1.20179 0 0.00182567 171.906 0 964.682 9.36302 1.87288
1.16 3.74678 0.00364865 2.60113e-05 0.199838 1.20339 0 0.00182662 171.917 0 965.021 9.3668 1.87363
1.18 3.74823 0.00365009 2.60214e-05 0.199838 1.20492 0 0.00182754 171.927 0 965.346 9.37044 1.87435
1.2 3.74963 0.00365147 2.60311e-05 0.199838 1.20638 0 0.00182842 171.936 0 965.659 9.37393 1.87505
1.22 3.75098 0.0036528 2.60403e-05 0.199838 1.20779 0 0.00182926 171.945 0 965.959 9.37728 1.87572
1.24 3.75226 0.00365408 2.60492e-05 0.199838 1.20913 0 0.00183007 171.954 0 966.246 9.3805 1.87636
1.26 3.7535 0.0036553 2.60578e-05 0.199838 1.21041 0 0.00183085 171.963 0 966.522 9.38358 1.87697
1.28 3.75468 0.00365647 2.6066e-05 0.199838 1.21163 0 0.0018316 171.971 0 966.787 9.38654 1.87756
1.3 3.75582 0.0036576 2.60738e-05 0.199838 1.2128 0 0.00183231 171.978 0 967.04 9.38937 1.87813
1.32 3.75691 0.00365868 2.60813e-05 0.199838 1.21391 0 0.00183299 171.986 0 967.282 9.39208 1.87867
1.34 3.75795 0.00365971 2.60885e-05 0.199838 1.21497 0 0.00183365 171.993 0 967.514 9.39467 1.87918
1.36 3.75894 0.0036607 2.60954e-05 0.199838 1.21599 0 0.00183428 172 0 967.736 9.39716 1.87968
1.38 3.75989 0.00366165 2.61019e-05 0.199838 1.21696 0 0.00183488 172.006 0 967.949 9.39953 1.88015
1.4 3.7608 0.00366255 2.61082e-05 0.199838 1.21788 0 0.00183545 172.012 0 968.152 9.4018 1.8806
1.42 3.76167 0.00366342 2.61142e-05 0.199838 1.21876 0 0.001836 172.018 0 968.346 9.40398 1.88104
1.44 3.7625 0.00366425 2.612e-05 0.199838 1.2196 0 0.00183652 172.024 0 968.532 9.40605 1.88145
1.46 3.7633 0.00366504 2.61255e-05 0.199838 1.2204 0 0.00183702 172.029 0 968.709 9.40804 1.88185
1.48 3.76406 0.0036658 2.61307e-05 0.199838 1.22116 0 0.0018375 172.035 0 968.879 9.40993 1.88222
1.5 3.76479 0.00366652 2.61357e-05 0.199838 1.22189 0 0.00183796 172.04 0 969.041 9.41175 1.88258
1.52 3.76548 0.00366722 2.61405e-05 0.199838 1.22258 0 0.0018384 172.044 0 969.195 9.41348 1.88293
1.54 3.76614 0.00366788 2.61451e-05 0.199838 1.22324 0 0.00183881 172.049 0 969.343 9.41513 1.88326
1.56 3.76678 0.00366851 2.61495e-05 0.199838 1.22387 0 0.00183921 172.053 0 969.484 9.41671 1.88357
1.58 3.76738 0.00366911 2.61536e-05 0.199838 1.22447 0 0.0018396 172.057 0 969.619 9.41822 1.88387
1.62 3.63832 0.00247197 2.61576e-05 0.199837 1.22504 0 0.00170031 151.114 0 969.786 4.18408 1.88416
1.64 3.73496 0.00291978 2.61614e-05 0.199837 1.22558 0 0.00176734 162.111 0 969.879 6.39748 1.88444
1.66 3.75166 0.00314091 2.61651e-05 0.199837 1.2261 0 0.0017934 165.872 0 969.991 7.40378 1.8847
1.68 3.75892 0.003284 2.61686e-05 0.199837 1.22659 0 0.00180818 167.865 0 970.102 8.00012 1.88495
1.7 3.76297 0.00338343 2.61719e-05 0.199837 1.22706 0 0.00181768 169.089 0 970.209 8.39033 1.88519
1.72 3.76558 0.0034551 2.61751e-05 0.199837 1.22751 0 0.00182421 169.902 0 970.311 8.66011 1.88542
1.74 3.7674 0.0035079 2.61781e-05 0.199837 1.22794 0 0.00182889 170.468 0 970.409 8.853 1.88564
1.76 3.76876 0.00354738 2.6181e-05 0.199837 1.22834 0 0.00183234 170.874 0 970.503 8.99413 1.88585
1.78 3.76983 0.0035772 2.61838e-05 0.199837 1.22873 0 0.00183495 171.171 0 970.592 9.09893 1.88605
1.8 3.77069 0.00359991 2.61864e-05 0.199837 1.2291 0 0.00183694 171.393 0 970.678 9.17776 1.88624
1.82 3.77141 0.00361731 2.6189e-05 0.199837 1.22945 0 0.0018385 171.56 0 970.76 9.23753 1.88642
1.84 3.77202 0.0036307 2.61914e-05 0.199837 1.22978 0 0.00183972 171.686 0 970.838 9.28317 1.88659
1.86 3.77255 0.00364105 2.61937e-05 0.199837 1.2301 0 0.0018407 171.783 0 970.913 9.31819 1.88676
1.88 3.77349 0.00367524 2.61959e-05 0.199837 1.23041 0 0.00184346 172.099 0 970.986 9.43349 1.88692
1.9 3.77382 0.00367556 2.61981e-05 0.199837 1.2307 0 0.00184365 172.101 0 971.054 9.43429 1.88708
1.92 3.77411 0.00367585 2.62001e-05 0.199837 1.23098 0 0.00184384 172.103 0 971.12 9.43502 1.88722
1.94 3.7744 0.00367613 2.62021e-05 0.199837 1.23124 0 0.00184402 172.105 0 971.183 9.43573 1.88736
1.96 3.77467 0.0036764 2.62039e-05 0.199837 1.23149 0 0.00184419 172.107 0 971.243 9.4364 1.8875
1.98 3.77493 0.00367666 2.62057e-05 0.199837 1.23173 0 0.00184435 172.108 0 971.301 9.43705 1.88762
2 3.77517 0.00367691 2.62074e-05 0.199837 1.23196 0 0.00184451 172.11 0 971.356 9.43766 1.88775
2.02 3.77541 0.00367715 2.62091e-05 0.199837 1.23218 0 0.00184466 172.112 0 971.409 9.43826 1.88787
2.04 3.77564 0.00367738 2.62106e-05 0.199837 1.23239 0 0.0018448 172.113 0 971.46 9.43883 1.88798
2.06 3.77586 0.0036776 2.62121e-05 0.199837 1.23259 0 0.00184494 172.115 0 971.508 9.43937 1.88809
2.08 3.77607 0.00367781 2.62136e-05 0.199837 1.23278 0 0.00184507 172.116 0 971.555 9.43989 1.88819
2.1 3.77627 0.00367801 2.6215e-05 0.199837 1.23297 0 0.0018452 172.117 0 971.6 9.44039 1.88829
2.12 3.77646 0.00367821 2.62163e-05 0.199837 1.23314 0 0.00184532 172.119 0 971.643 9.44088 1.88839
2.14 3.77664 0.00367839 2.62176e-05 0.199837 1.23331 0 0.00184544 172.12 0 971.684 9.44134 1.88848
2.16 3.77682 0.00367857 2.62188e-05 0.199837 1.23347 0 0.00184555 172.121 0 971.724 9.44178 1.88857
2.18 3.77699 0.00367874 2.622e-05 0.199837 1.23362 0 0.00184566 172.122 0 971.762 9.44221 1.88865
2.2 3.77716 0.00367891 2.62211e-05 0.199837 1.23377 0 0.00184576 172.124 0 971.799 9.44262 1.88874
2.22 3.77732 0.00367907 2.62222e-05 0.199837 1.23391 0 0.00184586 172.125 0 971.834 9.44301 1.88881
2.24 3.77747 0.00367922 2.62233e-05 0.199837 1.23405 0 0.00184596 172.126 0 971.868 9.44339 1.88889
2.26 3.77761 0.00367937 2.62243e-05 0.199837 1.23417 0 0.00184605 172.127 0 971.9 9.44375 1.88896
2.28 3.77775 0.00367951 2.62253e-05 0.199837 1.2343 0 0.00184614 172.128 0 971.931 9.4441 1.88903
2.3 3.77789 0.00367964 2.62262e-05 0.199837 1.23442 0 0.00184623 172.128 0 971.961 9.44444 1.8891
2.32 3.77802 0.00367977 2.62271e-05 0.199837 1.23453 0 0.00184631 172.129 0 971.99 9.44477 1.88916
2.34 3.77814 0.0036799 2.6228e-05 0.199837 1.23464 0 0.00184639 172.13 0 972.018 9.44508 1.88923
2.36 3.77826 0.00368002 2.62288e-05 0.199837 1.23474 0 0.00184646 172.131 0 972.045 9.44538 1.88929
2.38 3.77838 0.00368014 2.62296e-05 0.199837 1.23484 0 0.00184654 172.132 0 972.071 9.44567 1.88934
2.4 3.77849 0.00368025 2.62304e-05 0.199837 1.23494 0 0.00184661 172.133 0 972.096 9.44595 1.8894
2.42 3.7786 0.00368036 2.62311e-05 0.199837 1.23503 0 0.00184668 172.133 0 972.12 9.44622 1.88945
2.44 3.7787 0.00368046 2.62318e-05 0.199837 1.23512 0 0.00184674 172.134 0 972.144 9.44648 1.88951
2.46 3.77881 0.00368056 2.62325e-05 0.199837 1.23521 0 0.00184681 172.135 0 972.166 9.44673 1.88956
2.48 3.7789 0.00368066 2.62332e-05 0.199837 1.23529 0 0.00184687 172.135 0 972.188 9.44697 1.8896
2.5 3.779 0.00368076 2.62338e-05 0.199837 1.23537 0 0.00184693 172.136 0 972.209 9.44721 1.88965
2.52 3.77909 0.00368085 2.62345e-05 0.199837 1.23545 0 0.00184698 172.137 0 972.229 9.44743 1.8897
2.54 3.77917 0.00368094 2.62351e-05 0.199837 1.23552 0 0.00184704 172.137 0 972.248 9.44765 1.88974
2.56 3.77926 0.00368102 2.62357e-05 0.199837 1.23559 0 0.00184709 172.138 0 972.267 9.44786 1.88978
2.58 3.77934 0.0036811 2.62362e-05 0.199837 1.23566 0 0.00184714 172.138 0 972.285 9.44806 1.88982
2.6 3.77942 0.00368118 2.62368e-05 0.199837 1.23572 0 0.00184719 172.139 0 972.303 9.44826 1.88986
2.62 3.77949 0.00368126 2.62373e-05 0.199837 1.23579 0 0.00184724 172.139 0 972.32 9.44845 1.8899
2.64 3.77957 0.00368133 2.62378e-05 0.199837 1.23585 0 0.00184729 172.14 0 972.336 9.44864 1.88994
2.66 3.77964 0.00368141 2.62383e-05 0.199837 1.23591 0 0.00184733 172.14 0 972.352 9.44881 1.88997
2.68 3.77971 0.00368147 2.62388e-05 0.199837 1.23596 0 0.00184738 172.141 0 972.368 9.44899 1.89001
2.7 3.77978 0.00368154 2.62392e-05 0.199837 1.23602 0 0.00184742 172.141 0 972.383 9.44915 1.89004
2.72 3.77984 0.00368161 2.62397e-05 0.199837 1.23607 0 0.00184746 172.142 0 972.397 9.44932 1.89007
2.74 3.7799 0.00368167 2.62401e-05 0.199837 1.23612 0 0.0018475 172.142 0 972.411 9.44947 1.8901
2.76 3.77996 0.00368173 2.62405e-05 0.199837 1.23617 0 0.00184754 172.143 0 972.425 9.44963 1.89013
2.78 3.78002 0.00368179 2.6241e-05 0.199837 1.23622 0 0.00184758 172.143 0 972.438 9.44977 1.89016
2.8 3.78008 0.00368185 2.62414e-05 0.199837 1.23626 0 0.00184761 172.143 0 972.451 9.44992 1.89019
2.82 3.78014 0.00368191 2.62417e-05 0.199837 1.23631 0 0.00184765 172.144 0 972.463 9.45005 1.89022
2.84 3.78019 0.00368196 2.62421e-05 0.199837 1.23635 0 0.00184768 172.144 0 972.475 9.45019 1.89024
2.86 3.78024 0.00368201 2.62425e-05 0.199837 1.23639 0 0.00184772 172.144 0 972.487 9.45032 1.89027
2.88 3.78029 0.00368206 2.62428e-05 0.199837 1.23643 0 0.00184775 172.145 0 972.498 9.45045 1.8903
2.9 3.78034 0.00368211 2.62432e-05 0.199837 1.23647 0 0.00184778 172.145 0 972.509 9.45057 1.89032
2.92 3.78039 0.00368216 2.62435e-05 0.199837 1.23651 0 0.00184781 172.145 0 972.52 9.45069 1.89034
2.94 3.78044 0.00368221 2.62438e-05 0.199837 1.23655 0 0.00184784 172.146 0 972.53 9.4508 1.89037
2.96 3.78048 0.00368225 2.62441e-05 0.199837 1.23658 0 0.00184787 172.146 0 972.54 9.45092 1.89039
2.98 3.78053 0.0036823 2.62444e-05 0.199837 1.23662 0 0.00184789 172.146 0 972.55 9.45103 1.89041
3 3.78057 0.00368234 2.62447e-05 0.199837 1.23665 0 0.00184792 172.147 0 972.56 9.45113 1.89043
3.02 3.78061 0.00368238 2.6245e-05 0.199837 1.23668 0 0.00184795 172.147 0 972.569 9.45124 1.89045
3.04 3.78065 0.00368242 2.62453e-05 0.199837 1.23671 0 0.00184797 172.147 0 972.578 9.45134 1.89047
3.06 3.78069 0.00368246 2.62456e-05 0.199837 1.23674 0 0.001848 172.147 0 972.587 9.45144 1.89049
3.08 3.78073 0.0036825 2.62458e-05 0.199837 1.23677 0 0.00184802 172.148 0 972.595 9.45153 1.89051
3.1 3.78077 0.00368254 2.62461e-05 0.199837 1.2368 0 0.00184805 172.148 0 972.603 9.45162 1.89053
3.12 3.7808 0.00368257 2.62463e-05 0.199837 1.23683 0 0.00184807 172.148 0 972.611 9.45171 1.89055
3.14 3.78084 0.00368261 2.62466e-05 0.199837 1.23686 0 0.00184809 172.148 0 972.619 9.4518 1.89057
3.16 3.78087 0.00368265 2.62468e-05 0.199837 1.23688 0 0.00184811 172.149 0 972.627 9.45189 1.89058
3.18 3.7809 0.00368268 2.62471e-05 0.199837 1.23691 0 0.00184813 172.149 0 972.634 9.45197 1.8906
3.2 3.78094 0.00368271 2.62473e-05 0.199837 1.23693 0 0.00184815 172.149 0 972.642 9.45205 1.89062
3.22 3.78097 0.00368274 2.62475e-05 0.199837 1.23696 0 0.00184817 172.149 0 972.649 9.45213 1.89063
3.24 3.781 0.00368277 2.62477e-05 0.199837 1.23698 0 0.00184819 172.15 0 972.656 9.45221 1.89065
3.26 3.78103 0.00368281 2.62479e-05 0.199837 1.237 0 0.00184821 172.15 0 972.662 9.45228 1.89066
3.28 3.78106 0.00368283 2.62481e-05 0.199837 1.23702 0 0.00184823 172.15 0 972.669 9.45236 1.89068
3.3 3.78109 0.00368286 2.62483e-05 0.199837 1.23705 0 0.00184825 172.15 0 972.675 9.45243 1.89069
3.32 3.78112 0.00368289 2.62485e-05 0.199837 1.23707 0 0.00184827 172.15 0 972.682 9.4525 1.89071
3.34 3.78114 0.00368292 2.62487e-05 0.199837 1.23709 0 0.00184828 172.151 0 972.688 9.45257 1.89072
3.36 3.78117 0.00368295 2.62489e-05 0.199837 1.23711 0 0.0018483 172.151 0 972.694 9.45263 1.89073
3.38 3.7812 0.00368297 2.62491e-05 0.199837 1.23713 0 0.00184832 172.151 0 972.7 9.4527 1.89075
3.4 3.78122 0.003683 2.62492e-05 0.199837 1.23714 0 0.00184833 172.151 0 972.705 9.45276 1.89076
3.42 3.78125 0.00368302 2.62494e-05 0.199837 1.23716 0 0.00184835 172.151 0 972.711 9.45282 1.89077
3.44 3.78127 0.00368305 2.62496e-05 0.199837 1.23718 0 0.00184837 172.151 0 972.716 9.45288 1.89078
3.46 3.78129 0.00368307 2.62497e-05 0.199837 1.2372 0 0.00184838 172.152 0 972.721 9.45294 1.89079
3.48 3.78132 0.00368309 2.62499e-05 0.199837 1.23722 0 0.00184839 172.152 0 972.727 9.453 1.89081
3.5 3.78134 0.00368312 2.62501e-05 0.199837 1.23723 0 0.00184841 172.152 0 972.732 9.45306 1.89082
3.52 3.78136 0.00368314 2.62502e-05 0.199837 1.23725 0 0.00184842 172.152 0 972.737 9.45311 1.89083
3.54 3.78138 0.00368316 2.62504e-05 0.199837 1.23726 0 0.00184844 172.152 0 972.741 9.45317 1.89084
3.56 3.7814 0.00368318 2.62505e-05 0.199837 1.23728 0 0.00184845 172.152 0 972.746 9.45322 1.89085
3.58 3.78142 0.0036832 2.62507e-05 0.199837 1.23729 0 0.00184846 172.152 0 972.751 9.45327 1.89086

