Time(min) prod sp3 fsc2 NAD fum suc qh psi ROSc1_rate ROS_c2 ROS_c3 fc2 [Ca²⁺]μM Glu_m OAAm psio Na_i OAAc Glu_o Glu_i ATP pH
0.1 0.492363 0.0481348 0.000430461 0.0829914 0.00147119 2.08486 0.0212723 130.959 0.043886 2.89754e-06 2.92855e-05 0.10111 0 9.43661e-06 0.0391313 84.6606 7.77897 0 0.0784096 0.926394 0.612903 8.32137
0.2 0.406788 0.0274263 0.000340358 0.0653372 0.00147905 2.15224 0.0113619 126.232 0.0349483 3.43611e-06 5.19723e-05 0.0801858 0 1.99773e-05 0.0511575 84.941 8.05103 0 2.35136e-05 1.01698 0.612903 8.31282
0.3 0.314299 0.0152309 0.000271554 0.0522043 0.00147686 2.20057 0.00642442 121.026 0.028675 3.86169e-06 6.2327e-05 0.0633059 0 2.72634e-05 0.065611 84.9026 8.08856 0 1.31232e-05 1.02931 0.612903 8.2985
0.4 0.252054 0.00961116 0.000223158 0.0422629 0.00149855 2.2358 0.00412519 116.353 0.0238215 4.20602e-06 6.71187e-05 0.0525405 0 3.26975e-05 0.0811595 84.8754 8.12607 0 1.03116e-05 1.04152 0.612903 8.29046
0.5 0.205239 0.00664153 0.000188823 0.0345154 0.0015514 2.26218 0.00290815 112.304 0.0199604 4.49313e-06 6.95666e-05 0.0444298 0 3.69974e-05 0.0970819 84.8553 8.16357 0 8.95527e-06 1.05362 0.612903 8.2845
0.6 0.173703 0.00484545 0.000163974 0.0282794 0.00164225 2.28263 0.0021792 108.694 0.0168249 4.7392e-06 7.09006e-05 0.039125 0 4.06467e-05 0.112829 84.84 8.20107 0 8.32145e-06 1.0656 0.612903 8.27812
0.7 0.143961 0.00366622 0.000145528 0.0231005 0.0017809 2.2991 0.00170099 105.374 0.0142274 4.95525e-06 7.1654e-05 0.034411 0 4.39353e-05 0.128065 84.8275 8.23857 0 7.93538e-06 1.07744 0.612903 8.27011
0.8 0.119771 0.00286086 0.000131439 0.0186911 0.00198226 2.3128 0.00136712 102.283 0.0120417 5.1487e-06 7.20862e-05 0.0308342 0 4.70212e-05 0.142651 84.8171 8.27607 0 7.71307e-06 1.08915 0.612903 8.25999
0.9 0.103425 0.00230452 0.000120348 0.0148766 0.0022703 2.32446 0.0011253 99.4285 0.0101868 5.32465e-06 7.23378e-05 0.0285238 0 4.99803e-05 0.156591 84.8078 8.31357 0 7.5773e-06 1.10072 0.612903 8.24779
1 0.0856649 0.00192338 0.000111347 0.0115581 0.00268467 2.33446 0.000948499 96.8746 0.00861344 5.48663e-06 7.2488e-05 0.0260329 0 5.28419e-05 0.169979 84.7993 8.35107 0 7.49312e-06 1.11215 0.612903 8.23407
1.1 0.075123 0.00166829 0.000103833 0.00868612 0.00329228 2.34298 0.000821589 94.7165 0.00729343 5.63711e-06 7.25816e-05 0.024481 0 5.56139e-05 0.182939 84.7914 8.38857 0 7.44068e-06 1.12343 0.612903 8.21986
1.2 0.0668273 0.00150246 9.74161e-05 0.00623944 0.0042109 2.35005 0.000733586 93.0255 0.00620962 5.77787e-06 7.26441e-05 0.0231301 0 5.8302e-05 0.195562 84.7837 8.42607 0 7.4081e-06 1.13455 0.612903 8.20628
1.3 0.060138 0.00139712 9.18681e-05 0.00421314 0.00566004 2.35568 0.000674183 91.7944 0.00534979 5.91028e-06 7.26897e-05 0.0218556 0 6.0932e-05 0.20783 84.7763 8.46357 0 7.38803e-06 1.14551 0.612903 8.19411
1.4 0.0555705 0.00133029 8.7104e-05 0.00261186 0.00803722 2.35984 0.000633994 90.9427 0.00470221 6.03546e-06 7.27259e-05 0.0208053 0 6.3576e-05 0.219505 84.769 8.50107 0 7.37592e-06 1.15631 0.612903 8.18356
1.5 0.0514775 0.0012871 8.31776e-05 0.00144333 0.0120176 2.36259 0.000606411 90.3689 0.00425063 6.15456e-06 7.27566e-05 0.0196783 0 6.63887e-05 0.229988 84.7618 8.53857 0 7.36891e-06 1.16694 0.612903 8.17445
1.6 0.0494521 0.00125866 8.02218e-05 0.000702256 0.0184679 2.36406 0.000587643 89.9886 0.00396869 6.26882e-06 7.27837e-05 0.0190707 0 6.9607e-05 0.238358 84.7546 8.57607 0 7.36517e-06 1.17741 0.612903 8.16646
1.7 0.0477133 0.00124018 7.82512e-05 0.000329115 0.0277741 2.36456 0.000575691 89.7498 0.00381342 6.37963e-06 7.28086e-05 0.0185627 0 7.34126e-05 0.244036 84.7475 8.61357 0 7.36352e-06 1.18771 0.612903 8.15933
1.8 0.0471432 0.00122868 7.6985e-05 0.000187068 0.0391257 2.36449 0.000568633 89.6162 0.00372917 6.48823e-06 7.28321e-05 0.0183832 0 7.77283e-05 0.247586 84.7404 8.65107 0 7.36323e-06 1.19783 0.612903 8.15285
1.9 0.0464772 0.00122148 7.60097e-05 0.000131074 0.051126 2.36429 0.000564141 89.5494 0.00367083 6.59531e-06 7.28545e-05 0.0181432 0 8.22863e-05 0.250246 84.7333 8.68857 0 7.36382e-06 1.20779 0.612903 8.14687
2 0.0459176 0.00121647 7.51568e-05 0.00010357 0.0631709 2.3641 0.000560768 89.5167 0.00362207 6.70112e-06 7.28762e-05 0.017845 0 8.69464e-05 0.252573 84.7263 8.72607 0 7.36497e-06 1.21757 0.612903 8.14125
2.1 0.0457557 0.00121265 7.4377e-05 8.70389e-05 0.0750993 2.36398 0.000557988 89.5015 0.00357763 6.80579e-06 7.28973e-05 0.0177345 0 9.16774e-05 0.254714 84.7192 8.76356 0 7.36648e-06 1.22718 0.612903 8.13591
2.2 0.0454896 0.00120947 7.36583e-05 7.50574e-05 0.0868737 2.36393 0.000555568 89.4948 0.00353539 6.90941e-06 7.29179e-05 0.0175302 0 9.647e-05 0.256704 84.7121 8.80106 0 7.36823e-06 1.2366 0.612903 8.13079
2.3 0.045375 0.00120677 7.29995e-05 6.62619e-05 0.0985038 2.36396 0.000553455 89.4934 0.00349477 7.01208e-06 7.2938e-05 0.017436 0 0.00010133 0.258538 84.7051 8.83856 0 7.37012e-06 1.24585 0.612903 8.12587
2.4 0.0450906 0.00120444 7.23983e-05 5.94857e-05 0.109995 2.36407 0.000551623 89.496 0.00345532 7.11386e-06 7.29577e-05 0.0171839 0 0.000106262 0.260215 84.698 8.87606 0 7.37212e-06 1.25491 0.612903 8.12113
2.5 0.0449436 0.00120243 7.18538e-05 5.41316e-05 0.121357 2.36426 0.000550056 89.5017 0.00341681 7.21483e-06 7.2977e-05 0.0170412 0 0.000111271 0.261728 84.6909 8.91356 0 7.37419e-06 1.26379 0.612903 8.11657
2.6 0.0449436 0.0012007 7.13653e-05 4.95766e-05 0.132601 2.36453 0.00054874 89.51 0.003379 7.31508e-06 7.2996e-05 0.0170412 0 0.000116363 0.263073 84.6838 8.95106 0 7.3763e-06 1.27247 0.612903 8.11218
2.7 0.0448204 0.00119923 7.09333e-05 4.57393e-05 0.143744 2.36489 0.000547674 89.5208 0.00334178 7.41468e-06 7.30146e-05 0.0169184 0 0.000121546 0.264241 84.6768 8.98856 0 7.37844e-06 1.28097 0.612903 8.10795
2.8 0.0447327 0.001198 7.05581e-05 4.24682e-05 0.1548 2.36532 0.000546856 89.5339 0.00330508 7.51372e-06 7.3033e-05 0.016817 0 0.000126826 0.265224 84.6697 9.02606 0 7.3806e-06 1.28927 0.612903 8.10387
2.9 0.0446729 0.00119701 7.02393e-05 3.95229e-05 0.165784 2.36583 0.000546286 89.5495 0.00326883 7.61227e-06 7.30511e-05 0.0167347 0 0.000132212 0.266017 84.6626 9.06356 0 7.38277e-06 1.29738 0.612903 8.09995
3 0.0446406 0.00119626 6.99782e-05 3.72297e-05 0.176716 2.36642 0.000545968 89.5674 0.00323305 7.71043e-06 7.3069e-05 0.0166738 0 0.000137713 0.266609 84.6555 9.10106 0 7.38494e-06 1.30529 0.612903 8.09618
3.1 0.0446406 0.00119572 6.97739e-05 3.48823e-05 0.187607 2.36709 0.000545894 89.5878 0.0031976 7.80827e-06 7.30866e-05 0.0166738 0 0.000143336 0.267001 84.6485 9.13856 0 7.38712e-06 1.313 0.612903 8.09255
3.2 0.0446354 0.00119541 6.96273e-05 3.28328e-05 0.198477 2.36783 0.000546072 89.6106 0.00316253 7.90588e-06 7.31041e-05 0.0166365 0 0.000149092 0.267183 84.6414 9.17606 0 7.38931e-06 1.32052 0.612903 8.08906
3.3 0.0446533 0.0011953 6.95388e-05 3.09656e-05 0.209338 2.36865 0.000546501 89.6359 0.00312784 8.00332e-06 7.31214e-05 0.016616 0 0.000154989 0.267153 84.6343 9.21356 0 7.3915e-06 1.32783 0.612903 8.0857
3.4 0.0446945 0.00119541 6.95089e-05 2.93025e-05 0.220206 2.36954 0.000547183 89.6636 0.0030935 8.10068e-06 7.31386e-05 0.0166127 0 0.000161039 0.266906 84.6272 9.25106 0 7.3937e-06 1.33495 0.612903 8.08247
3.5 0.0447589 0.00119572 6.95384e-05 2.78071e-05 0.231098 2.3705 0.00054812 89.6939 0.00305951 8.19804e-06 7.31557e-05 0.0166265 0 0.00016725 0.266439 84.6201 9.28856 0 7.39589e-06 1.34186 0.612903 8.07937
3.6 0.0448471 0.00119623 6.96281e-05 2.64114e-05 0.242027 2.37152 0.000549317 89.7267 0.00302586 8.29549e-06 7.31726e-05 0.0166581 0 0.000173635 0.26575 84.613 9.32606 0 7.39809e-06 1.34857 0.612903 8.07639
3.7 0.0450975 0.00119695 6.97793e-05 2.51283e-05 0.253016 2.37261 0.000550778 89.7623 0.00299255 8.39312e-06 7.31895e-05 0.0167762 0 0.000180207 0.264835 84.6059 9.36356 0 7.40029e-06 1.35508 0.612903 8.07353
3.8 0.0450975 0.00119787 6.99936e-05 2.39263e-05 0.264088 2.37376 0.000552511 89.8007 0.00295958 8.49108e-06 7.32063e-05 0.0167762 0 0.000186981 0.263691 84.5988 9.40106 0 7.40249e-06 1.36138 0.612903 8.07078
3.9 0.0454445 0.00119901 7.02714e-05 2.28067e-05 0.275244 2.37497 0.000554519 89.8419 0.00292696 8.58937e-06 7.32231e-05 0.0169705 0 0.000193959 0.262318 84.5917 9.43855 0 7.4047e-06 1.36749 0.612903 8.06813
4 0.0454445 0.00120036 7.06165e-05 2.17528e-05 0.286516 2.37622 0.00055682 89.8863 0.00289467 8.68816e-06 7.32398e-05 0.0169705 0 0.000201175 0.260713 84.5847 9.47605 0 7.4069e-06 1.3734 0.612903 8.06559
4.1 0.0459012 0.00120192 7.10273e-05 2.07712e-05 0.297891 2.37753 0.000559408 89.9338 0.00286273 8.78739e-06 7.32565e-05 0.0172471 0 0.000208615 0.258879 84.5776 9.51355 0 7.40911e-06 1.3791 0.612903 8.06315
4.2 0.0459012 0.00120371 7.15114e-05 1.98384e-05 0.309427 2.37889 0.000562319 89.9849 0.00283113 8.88736e-06 7.32733e-05 0.0172471 0 0.000216335 0.256812 84.5705 9.55105 0 7.41132e-06 1.38461 0.612903 8.0608
4.3 0.0459012 0.00120574 7.2066e-05 1.89635e-05 0.321101 2.38028 0.000565538 90.0394 0.00279989 8.98797e-06 7.329e-05 0.0172471 0 0.000224312 0.254514 84.5633 9.58855 0 7.41353e-06 1.38992 0.612903 8.05855
4.4 0.0464765 0.00120801 7.26993e-05 1.81344e-05 0.332964 2.38172 0.000569107 90.0979 0.002769 9.0895e-06 7.33069e-05 0.0176135 0 0.000232601 0.251985 84.5562 9.62605 0 7.41574e-06 1.39504 0.612903 8.05638
4.5 0.0464765 0.00121054 7.34105e-05 1.7352e-05 0.345012 2.38318 0.000573022 90.1604 0.00273847 9.19193e-06 7.33237e-05 0.0176135 0 0.000241197 0.249226 84.5491 9.66355 0 7.41796e-06 1.39997 0.612903 8.0543
4.6 0.0471956 0.00121333 7.42044e-05 1.66128e-05 0.357261 2.38468 0.000577307 90.2272 0.0027083 9.29535e-06 7.33407e-05 0.0180768 0 0.000250127 0.246237 84.542 9.70105 0 7.42017e-06 1.4047 0.612903 8.05229
4.7 0.0471956 0.00121642 7.50877e-05 1.59104e-05 0.369742 2.3862 0.000581997 90.2987 0.00267849 9.39994e-06 7.33577e-05 0.0180768 0 0.000259433 0.24302 84.5349 9.73855 0 7.42239e-06 1.40925 0.612903 8.05036
4.8 0.0490815 0.0012198 7.60639e-05 1.52423e-05 0.382471 2.38775 0.000587108 90.3754 0.00264904 9.50579e-06 7.33749e-05 0.0193585 0 0.000269131 0.239578 84.5278 9.77605 0 7.42461e-06 1.41361 0.612903 8.0485
4.9 0.0490815 0.00122353 7.71403e-05 1.46029e-05 0.395486 2.3893 0.000592684 90.4577 0.00261997 9.61313e-06 7.33923e-05 0.0193585 0 0.00027925 0.235915 84.5207 9.81355 0 7.42683e-06 1.41779 0.612903 8.04669
5 0.0490815 0.00122761 7.83212e-05 1.39886e-05 0.408807 2.39085 0.000598745 90.5461 0.00259128 9.72208e-06 7.34098e-05 0.0193585 0 0.000289816 0.232034 84.5136 9.85105 0 7.42905e-06 1.4218 0.612903 8.04495
5.1 0.0490815 0.00123207 7.96121e-05 1.3395e-05 0.422459 2.39241 0.00060532 90.641 0.00256297 9.83278e-06 7.34275e-05 0.0193585 0 0.000300855 0.227936 84.5065 9.88855 0 7.43127e-06 1.42564 0.612903 8.04325
5.2 0.0514558 0.00123693 8.10183e-05 1.28179e-05 0.436468 2.39396 0.000612439 90.7428 0.00253505 9.94538e-06 7.34455e-05 0.0210242 0 0.000312394 0.223625 84.4993 9.92605 0 7.4335e-06 1.4293 0.612903 8.0416
5.3 0.0514558 0.00124227 8.2563e-05 1.22716e-05 0.450868 2.39549 0.000620218 90.8528 0.00250752 1.00601e-05 7.34637e-05 0.0210242 0 0.000324525 0.219109 84.4922 9.96355 0 7.43572e-06 1.43281 0.612903 8.03999
5.4 0.0514558 0.00124809 8.42457e-05 1.17459e-05 0.465683 2.397 0.000628658 90.971 0.00248038 1.01771e-05 7.34822e-05 0.0210242 0 0.000337255 0.214389 84.4851 10.001 0 7.43795e-06 1.43617 0.612903 8.03841
5.5 0.0514558 0.00125442 8.60744e-05 1.12391e-05 0.480938 2.39848 0.000637798 91.0982 0.00245364 1.02965e-05 7.35011e-05 0.0210242 0 0.000350618 0.209468 84.478 10.0385 0 7.44018e-06 1.43937 0.612903 8.03686
5.6 0.0543463 0.00126131 8.8058e-05 1.07499e-05 0.496664 2.39993 0.000647688 91.2348 0.0024273 1.04184e-05 7.35203e-05 0.0230949 0 0.000364655 0.204351 84.4708 10.076 0 7.44241e-06 1.44243 0.612903 8.03534
5.7 0.0543463 0.00126891 9.02366e-05 1.02783e-05 0.512948 2.40133 0.000658553 91.3836 0.00240137 1.05435e-05 7.354e-05 0.0230949 0 0.000379498 0.199055 84.4637 10.1135 0 7.44464e-06 1.44535 0.612903 8.03382
5.8 0.0543463 0.00127722 9.26071e-05 9.82228e-06 0.529798 2.40268 0.000670371 91.5444 0.00237586 1.06717e-05 7.35601e-05 0.0230949 0 0.00039515 0.193578 84.4566 10.151 0 7.44688e-06 1.44815 0.612903 8.0323
5.9 0.0543463 0.00128627 9.51817e-05 9.38041e-06 0.547248 2.40396 0.000683209 91.7179 0.00235077 1.08032e-05 7.35808e-05 0.0230949 0 0.000411661 0.187926 84.4494 10.1885 0 7.44911e-06 1.45083 0.612903 8.03079
6 0.0578012 0.00129622 9.79914e-05 8.9517e-06 0.565368 2.40516 0.000697243 91.9062 0.00232609 1.09386e-05 7.3602e-05 0.0256063 0 0.000429128 0.182111 84.4423 10.226 0 7.45135e-06 1.4534 0.612903 8.02926
6.1 0.0578012 0.0013072 0.000101075 8.53532e-06 0.584241 2.40627 0.000712696 92.1116 0.00230185 1.10782e-05 7.36239e-05 0.0256063 0 0.000447671 0.176145 84.4351 10.2635 0 7.45359e-06 1.45588 0.612903 8.02771
6.2 0.0578012 0.00131925 0.000104437 8.12979e-06 0.603891 2.40729 0.000729593 92.3345 0.00227805 1.12222e-05 7.36466e-05 0.0256063 0 0.000467321 0.170033 84.428 10.301 0 7.45583e-06 1.45827 0.612903 8.02612
6.3 0.0607318 0.0013325 0.00010811 7.734e-06 0.624385 2.40819 0.000748114 92.5768 0.00225468 1.1371e-05 7.36701e-05 0.0277573 0 0.000488178 0.163784 84.4209 10.3385 0 7.45807e-06 1.46059 0.612903 8.0245
6.4 0.0607318 0.00134723 0.000112163 7.34705e-06 0.645843 2.40896 0.000768665 92.842 0.00223177 1.15253e-05 7.36945e-05 0.0277573 0 0.000510447 0.157415 84.4137 10.376 0 7.46031e-06 1.46284 0.612903 8.02282
6.5 0.0627211 0.00136348 0.000116609 6.96789e-06 0.668305 2.4096 0.000791316 93.1309 0.00220931 1.16854e-05 7.372e-05 0.0292298 0 0.00053417 0.150933 84.4066 10.4135 0 7.46256e-06 1.46505 0.612903 8.02107
6.6 0.0627211 0.00138158 0.000121513 6.59855e-06 0.691905 2.41006 0.000816495 93.4479 0.00218732 1.1852e-05 7.37467e-05 0.0292298 0 0.00055944 0.144356 84.3994 10.451 0 7.4648e-06 1.46724 0.612903 8.01924
6.7 0.0649475 0.00140177 0.00012693 6.23658e-06 0.716752 2.41035 0.000844535 93.7959 0.0021658 1.20259e-05 7.37748e-05 0.0309022 0 0.000586415 0.137696 84.3923 10.4885 0 7.46705e-06 1.46941 0.612903 8.01732
6.8 0.067509 0.00142437 0.00013293 5.88097e-06 0.742983 2.41044 0.000875886 94.1786 0.00214476 1.22077e-05 7.38046e-05 0.0327998 0 0.000615256 0.130969 84.3851 10.526 0 7.4693e-06 1.47159 0.612903 8.01529
6.9 0.0701138 0.00144973 0.000139592 5.53182e-06 0.770742 2.4103 0.000911063 94.5999 0.00212422 1.23984e-05 7.38363e-05 0.0347399 0 0.000646126 0.124193 84.378 10.5635 0 7.47156e-06 1.47381 0.612903 8.01314
7 0.0730236 0.00147828 0.000147016 5.18793e-06 0.800195 2.40992 0.000950714 95.0643 0.00210419 1.2599e-05 7.38702e-05 0.0369426 0 0.000679188 0.117384 84.3708 10.601 0 7.47381e-06 1.47607 0.612903 8.01083
7.1 0.0763329 0.00151058 0.000155319 4.84941e-06 0.831537 2.40926 0.000995628 95.5776 0.00208469 1.28106e-05 7.39067e-05 0.039448 0 0.000714623 0.110561 84.3637 10.6385 0 7.47607e-06 1.47842 0.612903 8.00837
7.2 0.0763329 0.00154726 0.000164638 4.51605e-06 0.864989 2.40829 0.00104679 96.1452 0.00206573 1.30345e-05 7.39463e-05 0.039448 0 0.000752624 0.103745 84.3565 10.676 0 7.47833e-06 1.48086 0.612903 8.00572
7.3 0.0801023 0.00158913 0.000175139 4.18744e-06 0.90081 2.40698 0.0011054 96.7742 0.00204733 1.32723e-05 7.39897e-05 0.0423153 0 0.000793387 0.096957 84.3493 10.7135 0 7.48059e-06 1.48343 0.612903 8.00287
7.4 0.084406 0.00163717 0.000187019 3.86428e-06 0.939298 2.40529 0.00117295 97.4723 0.00202951 1.35258e-05 7.40375e-05 0.0456139 0 0.000837108 0.0902213 84.3422 10.751 0 7.48286e-06 1.48617 0.612903 7.99979
7.5 0.0893924 0.00169255 0.000200516 3.54688e-06 0.980793 2.40318 0.00125133 98.2472 0.0020123 1.3797e-05 7.40908e-05 0.0494249 0 0.000883969 0.0835622 84.335 10.7885 0 7.48512e-06 1.48909 0.612903 7.99645
7.6 0.0951104 0.00175678 0.000215926 3.23452e-06 1.0257 2.4006 0.00134297 99.1081 0.00199573 1.40883e-05 7.41508e-05 0.0538685 0 0.000934138 0.0770058 84.3278 10.826 0 7.48739e-06 1.49224 0.612903 7.99283
7.7 0.101776 0.00183179 0.000233611 2.92895e-06 1.07453 2.39749 0.00145097 100.068 0.00197982 1.44028e-05 7.42192e-05 0.0590649 0 0.00098778 0.0705802 84.3207 10.8635 0 7.48967e-06 1.49565 0.612903 7.9889
7.8 0.109579 0.00191991 0.000253995 2.63e-06 1.12783 2.3938 0.0015794 101.132 0.00196465 1.47438e-05 7.42983e-05 0.0651983 0 0.00104501 0.0643149 84.3135 10.901 0 7.49195e-06 1.49936 0.612903 7.9846
7.9 0.118737 0.00202422 0.000277622 2.33989e-06 1.18632 2.38944 0.00173354 102.32 0.00195015 1.51156e-05 7.43911e-05 0.0724734 0 0.00110589 0.0582382 84.3063 10.9385 0 7.49423e-06 1.5034 0.612903 7.97991
8 0.128434 0.00214886 0.000305159 2.07077e-06 1.2508 2.38433 0.00192079 103.636 0.00193658 1.55231e-05 7.45017e-05 0.0802086 0 0.0011703 0.0523839 84.2991 10.976 0 7.49651e-06 1.50782 0.612903 7.97474
8.1 0.139791 0.00229879 0.000337359 1.80535e-06 1.32225 2.37838 0.00215067 105.094 0.00192379 1.59723e-05 7.46359e-05 0.0893394 0 0.00123815 0.0467843 84.292 11.0135 0 7.4988e-06 1.51264 0.612903 7.96903
8.2 0.151753 0.00248083 0.000375247 1.5549e-06 1.40187 2.37147 0.00243653 106.709 0.00191188 1.64705e-05 7.48018e-05 0.0989449 0 0.00130919 0.0414715 84.2848 11.051 0 7.50109e-06 1.51791 0.612903 7.96267
8.3 0.165689 0.00270355 0.000419876 1.32645e-06 1.49107 2.36345 0.0027966 108.483 0.0019009 1.70262e-05 7.50107e-05 0.110173 0 0.00138293 0.0364731 84.2776 11.0885 0 7.50339e-06 1.52366 0.612903 7.95552
8.4 0.181857 0.00297868 0.000472798 1.11675e-06 1.59159 2.35417 0.00325773 110.433 0.00189086 1.76501e-05 7.5279e-05 0.123286 0 0.00145884 0.0318134 84.2704 11.126 0 7.50569e-06 1.5299 0.612903 7.94738
8.5 0.199114 0.00332169 0.000535632 9.28515e-07 1.70549 2.34342 0.00385837 112.557 0.00188183 1.83548e-05 7.563e-05 0.137029 0 0.00153621 0.0275146 84.2632 11.1635 0 7.50799e-06 1.53666 0.612903 7.938
8.6 0.219036 0.00375263 0.000610354 7.60212e-07 1.83527 2.33097 0.00465606 114.867 0.00187374 1.91555e-05 7.60973e-05 0.152846 0 0.00161419 0.0235934 84.256 11.201 0 7.5103e-06 1.54396 0.612903 7.92706
8.7 0.242167 0.00429647 0.000699193 6.15951e-07 1.98389 2.31653 0.00573628 117.353 0.00186665 2.00704e-05 7.67293e-05 0.171091 0 0.00169183 0.0200586 84.2488 11.2385 0 7.51262e-06 1.55179 0.612903 7.91413
8.8 0.293765 0.00498247 0.000804614 4.93935e-07 2.15486 2.29977 0.00722995 120.009 0.00186048 2.1121e-05 7.7594e-05 0.211063 0 0.00176821 0.0169122 84.2416 11.276 0 7.51494e-06 1.56014 0.612903 7.89875
8.9 0.325028 0.00583901 0.000929151 3.92944e-07 2.35225 2.28029 0.0093389 122.804 0.0018552 2.23323e-05 7.87844e-05 0.234973 0 0.00184241 0.0141473 84.2344 11.3135 0 7.51727e-06 1.56899 0.612903 7.88047
9 0.360043 0.00688293 0.00107518 3.09751e-07 2.58071 2.25763 0.0123725 125.685 0.0018507 2.37327e-05 8.04193e-05 0.261805 0 0.00191368 0.0117491 84.2272 11.351 0 7.5196e-06 1.57833 0.612903 7.85898
9.1 0.431659 0.00809827 0.00124469 2.45233e-07 2.84538 2.23131 0.0168179 128.558 0.00184697 2.53538e-05 8.26365e-05 0.317905 0 0.00198139 0.00969735 84.22 11.3885 0 7.52194e-06 1.5881 0.612903 7.83433
9.2 0.470296 0.0094045 0.00143812 1.95871e-07 3.15168 2.20078 0.0234542 131.295 0.00184388 2.72288e-05 8.55666e-05 0.349702 0 0.00204512 0.00796706 84.2128 11.426 0 7.52428e-06 1.59827 0.612903 7.80702
9.3 0.530509 0.0106148 0.00165395 1.59197e-07 3.50493 2.16553 0.0335194 133.729 0.00184135 2.93908e-05 8.92847e-05 0.404226 0 0.00210467 0.00652918 84.2056 11.4635 0 7.52662e-06 1.60879 0.612903 7.77786
9.4 0.57811 0.0114765 0.00188672 1.33052e-07 3.90966 2.12511 0.0487295 135.707 0.00183928 3.18677e-05 9.37425e-05 0.453987 0 0.00215997 0.00535388 84.1984 11.501 0 7.52898e-06 1.61962 0.612903 7.74752
9.5 0.623758 0.011785 0.00212646 1.14596e-07 4.36859 2.07926 0.0709907 137.149 0.00183755 3.46769e-05 9.87373e-05 0.512675 0 0.00221118 0.00440981 84.1912 11.5385 0 7.53133e-06 1.63071 0.612903 7.71615
9.6 0.654465 0.0115491 0.00235851 1.01291e-07 4.88155 2.02799 0.101662 138.116 0.00183605 3.78182e-05 0.000103987 0.563606 0 0.00225859 0.00366499 84.184 11.576 0 7.5337e-06 1.64201 0.612903 7.68364
9.7 0.679587 0.0109413 0.00256626 9.09089e-08 5.44466 1.9717 0.141084 138.743 0.00183464 4.12692e-05 0.000109247 0.617263 0 0.00230265 0.00308644 84.1768 11.6135 0 7.53606e-06 1.65348 0.612903 7.65024
9.8 0.692907 0.0101481 0.00273599 8.20439e-08 6.05036 1.91115 0.188529 139.152 0.00183323 4.49851e-05 0.000114362 0.651428 0 0.00234392 0.00264117 84.1696 11.651 0 7.53843e-06 1.66509 0.612903 7.61654
9.9 0.703696 0.00930495 0.00285962 7.39826e-08 6.68876 1.84732 0.242443 139.427 0.00183177 4.89074e-05 0.000119262 0.680651 0 0.002383 0.00229956 84.1624 11.6885 0 7.54081e-06 1.6768 0.612903 7.58313
10 0.710786 0.0084976 0.00293845 6.64361e-08 7.34874 1.78133 0.300709 139.617 0.00183023 5.29705e-05 0.000123926 0.697433 0 0.00242047 0.00203479 84.1552 11.726 0 7.54319e-06 1.6886 0.612903 7.55041
10.1 0.714868 0.00778033 0.0029799 5.92916e-08 8.02043 1.71417 0.361157 139.752 0.0018286 5.7117e-05 0.000128374 0.703378 0 0.0024568 0.00182542 84.1479 11.7635 0 7.54557e-06 1.70046 0.612903 7.51858
10.2 0.718333 0.00719315 0.00299677 5.25098e-08 8.69583 1.64663 0.421784 139.848 0.00182693 6.13027e-05 0.000132654 0.703706 0 0.00249243 0.00165416 84.1407 11.801 0 7.54796e-06 1.71237 0.612903 7.48764
10.3 0.720763 0.00679385 0.0030045 4.60227e-08 9.3697 1.57924 0.480941 139.915 0.00182526 6.55038e-05 0.000136851 0.699778 0 0.00252769 0.00150771 84.1335 11.8385 0 7.55034e-06 1.72432 0.612903 7.45741
10.4 0.722533 0.00672403 0.00302407 3.96776e-08 10.0395 1.51225 0.537232 139.954 0.00182372 6.97209e-05 0.000141134 0.694978 0 0.00256285 0.00137567 84.1263 11.876 0 7.55274e-06 1.73631 0.612903 7.42757
10.5 0.723709 0.00749736 0.00309815 3.31125e-08 10.7055 1.44565 0.589185 139.959 0.00182259 7.39958e-05 0.000145925 0.692705 0 0.00259816 0.00124887 84.119 11.9135 0 7.55513e-06 1.74834 0.612903 7.39763
10.6 0.724231 0.0114393 0.00337949 2.55744e-08 11.3706 1.37913 0.63457 139.906 0.00182249 7.84859e-05 0.000152687 0.695027 0 0.00263391 0.00111643 84.1118 11.951 0 7.55753e-06 1.7604 0.612903 7.36699
10.7 0.723449 0.0315911 0.00478258 1.63261e-08 12.0406 1.31212 0.669698 139.667 0.00182448 8.39316e-05 0.000168384 0.702376 0 0.00267056 0.000962793 84.1046 11.9885 0 7.55994e-06 1.7725 0.612903 7.33563
10.8 0.71449 0.12013 0.0125602 7.95426e-09 12.7101 1.24517 0.691915 138.485 0.001829 9.46698e-05 0.000226402 0.672495 0 0.00270839 0.000781393 84.0974 12.026 0 7.56235e-06 1.78466 0.612903 7.30369
10.9 0.662435 0.342037 0.039083 3.80115e-09 13.308 1.18538 0.700675 134.404 0.00183932 0.000128116 0.000420109 0.520089 0 0.0027467 0.000599893 84.0901 12.0635 0 7.56476e-06 1.79688 0.612903 7.26644
11 0.517079 0.621275 0.0811902 2.68331e-09 13.7062 1.14555 0.698703 125.593 0.00187485 0.000211777 0.000847347 0.27975 0 0.00278452 0.000449531 84.0829 12.101 0 7.56717e-06 1.80915 0.612903 7.22377
11.1 0.296384 0.79493 0.116707 3.83551e-09 13.8786 1.12831 0.694982 111.375 0.00202172 0.000352107 0.00148444 0.087053 0 0.0028214 0.000342984 84.0756 12.1385 0 7.56959e-06 1.82146 0.612903 7.18863
11.2 0.134137 0.836726 0.132538 1.03488e-08 13.92 1.12417 0.693976 95.2409 0.00256718 0.000529241 0.00221208 0.012281 0 0.0028567 0.000301365 84.0684 12.176 0 7.57201e-06 1.83381 0.612903 7.16867
11.3 0.0559633 0.839103 0.125206 2.57598e-08 13.921 1.12407 0.694148 81.7045 0.00392191 0.00071225 0.00295349 -0.00656408 0 0.00288884 0.000375535 84.0612 12.2135 0 7.57443e-06 1.84615 0.612903 7.1593
11.4 0.0192837 0.83925 0.101715 4.69039e-08 13.9116 1.12499 0.694641 70.2776 0.00674708 0.000871984 0.00369543 -0.0105049 0 0.00291626 0.000608887 84.0539 12.251 0 7.57686e-06 1.85843 0.612903 7.15529
11.5 0.00555991 0.839392 0.0810327 5.07896e-08 13.9029 1.12585 0.695334 62.2251 0.0107261 0.000998558 0.00443738 -0.00636438 0 0.00294144 0.00089912 84.0467 12.2885 0 7.57929e-06 1.87062 0.612903 7.15383
11.6 0.0025406 0.839524 0.07357 3.30711e-08 13.9001 1.12613 0.696006 57.0891 0.014755 0.00110506 0.00517934 -0.000674767 0 0.00297175 0.00100711 84.0394 12.326 0 7.58173e-06 1.88271 0.612903 7.15328
11.7 0.00198115 0.839635 0.0768523 1.528e-08 13.9025 1.12588 0.696581 53.6053 0.0184697 0.00120944 0.0059213 0.00592693 0 0.00300903 0.000899837 84.0322 12.3635 0 7.58416e-06 1.8948 0.612903 7.15296
11.8 0.00186238 0.839731 0.0874958 6.41534e-09 13.9088 1.12524 0.697069 51.0508 0.0218286 0.00132378 0.00666326 0.0051826 0 0.00304977 0.000702974 84.0249 12.401 0 7.5866e-06 1.90694 0.612903 7.15273
11.9 0.00184307 0.839813 0.102444 3.84063e-09 13.9173 1.12439 0.69749 49.0804 0.0248118 0.0014564 0.00740522 0.00971654 0 0.00309072 0.000518799 84.0176 12.4385 0 7.58905e-06 1.91915 0.612903 7.15253
12 0.00182437 0.839885 0.11845 3.42681e-09 13.9262 1.1235 0.69786 47.4944 0.0274618 0.00161105 0.00814718 0.00913204 0 0.0031306 0.00038166 84.0104 12.476 0 7.5915e-06 1.93143 0.612903 7.15236
12.1 0.00180908 0.83995 0.133168 3.53956e-09 13.9344 1.12268 0.698193 46.1747 0.029837 0.00178743 0.00888914 0.00795817 0 0.00316941 0.000287558 84.0031 12.5135 0 7.59395e-06 1.94375 0.612903 7.1522
12.2 0.00179775 0.840008 0.14532 3.73502e-09 13.9414 1.12199 0.698494 45.0482 0.0319885 0.00198271 0.0096311 0.00647351 0 0.00320747 0.000225174 83.9959 12.551 0 7.5964e-06 1.9561 0.612903 7.15204
12.3 0.00178754 0.840062 0.154531 3.92802e-09 13.9469 1.12143 0.69877 44.0678 0.0339551 0.00219295 0.0103731 0.00565521 0 0.00324506 0.000184675 83.9886 12.5885 0 7.59886e-06 1.96847 0.612903 7.1519
12.4 0.00178204 0.840111 0.161009 4.10824e-09 13.9513 1.12099 0.699024 43.2014 0.0357661 0.00241413 0.011115 0.00493233 0 0.0032824 0.000158918 83.9813 12.626 0 7.60132e-06 1.98085 0.612903 7.15176
12.5 0.00177536 0.840157 0.165254 4.27608e-09 13.9546 1.12066 0.699261 42.4267 0.0374439 0.00264277 0.011857 0.00288519 0 0.00331964 0.000142979 83.9741 12.6635 0 7.60379e-06 1.99324 0.612903 7.15163
12.6 0.00177157 0.840199 0.167809 4.43293e-09 13.9572 1.1204 0.699481 41.7273 0.039006 0.00287617 0.0125989 0.00836667 0 0.00335689 0.000133542 83.9668 12.701 0 7.60625e-06 2.00564 0.612903 7.15151
12.7 0.00176516 0.840239 0.169197 4.57996e-09 13.9593 1.12019 0.699688 41.0905 0.0404668 0.00311227 0.0133409 0.00451785 0 0.00339421 0.000128251 83.9595 12.7385 0 7.60873e-06 2.01804 0.612903 7.15138
12.8 0.00176243 0.840277 0.169804 4.71815e-09 13.961 1.12002 0.699882 40.507 0.0418376 0.00334973 0.0140829 0.00359279 0 0.00343165 0.000125606 83.9522 12.776 0 7.6112e-06 2.03044 0.612903 7.15127
12.9 0.00175755 0.840312 0.169916 4.84825e-09 13.9625 1.11987 0.700066 39.969 0.0431281 0.00358761 0.0148248 0.00140458 0 0.00346925 0.000124589 83.945 12.8135 0 7.61368e-06 2.04284 0.612903 7.15115
13 0.00175755 0.840345 0.169739 4.97118e-09 13.9638 1.11974 0.70024 39.4705 0.0443463 0.00382533 0.0155668 0.00140458 0 0.00350703 0.000124512 83.9377 12.851 0 7.61616e-06 2.05523 0.612903 7.15104
13.1 0.00175326 0.840377 0.169395 5.08752e-09 13.9651 1.11961 0.700405 39.0068 0.045499 0.00406259 0.0163088 -0.00248305 0 0.003545 0.000124983 83.9304 12.8885 0 7.61865e-06 2.06763 0.612903 7.15092
13.2 0.00174965 0.840407 0.168933 5.19762e-09 13.9663 1.11949 0.700562 38.574 0.0465913 0.00429931 0.0170507 -0.00196936 0 0.00358316 0.000125868 83.9231 12.926 0 7.62114e-06 2.08003 0.612903 7.15081
13.3 0.00174965 0.840436 0.168425 5.30229e-09 13.9674 1.11937 0.700711 38.1685 0.0476286 0.00453533 0.0177927 -0.00196936 0 0.00362152 0.000126897 83.9158 12.9635 0 7.62363e-06 2.09242 0.612903 7.15071
13.4 0.00174598 0.840463 0.167883 5.40182e-09 13.9686 1.11925 0.700853 37.7877 0.0486148 0.00477069 0.0185347 0.00147928 0 0.00366009 0.000128035 83.9086 13.001 0 7.62613e-06 2.10481 0.612903 7.1506
13.5 0.00174278 0.84049 0.167339 5.49642e-09 13.9698 1.11913 0.700989 37.4292 0.049554 0.00500533 0.0192766 0.00266079 0 0.00369887 0.000129162 83.9013 13.0385 0 7.62863e-06 2.1172 0.612903 7.1505
13.6 0.00174278 0.840515 0.166817 5.58666e-09 13.9709 1.11902 0.70112 37.0909 0.0504495 0.00523926 0.0200186 0.00266079 0 0.00373785 0.000130222 83.894 13.076 0 7.63113e-06 2.12959 0.612903 7.15039
13.7 0.0017372 0.840539 0.166333 5.67286e-09 13.9721 1.1189 0.701244 36.7709 0.0513047 0.00547249 0.0207606 0.00140037 0 0.00377704 0.000131163 83.8867 13.1135 0 7.63364e-06 2.14198 0.612903 7.15029
13.8 0.0017372 0.840561 0.165872 5.75517e-09 13.9733 1.11878 0.701364 36.4679 0.0521212 0.00570509 0.0215025 0.00140037 0 0.00381644 0.000132021 83.8794 13.151 0 7.63615e-06 2.15437 0.612903 7.15019
13.9 0.0017372 0.840584 0.165445 5.8339e-09 13.9745 1.11866 0.701479 36.1802 0.052902 0.00593709 0.0222445 0.00140037 0 0.00385605 0.000132765 83.8721 13.1885 0 7.63866e-06 2.16676 0.612903 7.15009
14 0.00173217 0.840605 0.165055 5.9094e-09 13.9757 1.11853 0.701589 35.9058 0.0536506 0.00616854 0.0229864 0.00137238 0 0.00389588 0.000133381 83.8648 13.226 0 7.64118e-06 2.17914 0.612903 7.14999
14.1 0.00173217 0.840625 0.164699 5.98236e-09 13.9769 1.11841 0.701696 35.6425 0.054374 0.00639955 0.0237284 0.00137238 0 0.0039359 0.000133878 83.8575 13.2635 0 7.6437e-06 2.19152 0.612903 7.1499
14.2 0.00173217 0.840645 0.164379 6.0523e-09 13.9781 1.11829 0.701799 35.3918 0.0550674 0.00663005 0.0244704 0.00137238 0 0.00397614 0.000134255 83.8502 13.301 0 7.64623e-06 2.20391 0.612903 7.1498
14.3 0.00173217 0.840664 0.164093 6.11924e-09 13.9794 1.11816 0.701898 35.154 0.055731 0.00686004 0.0252123 0.00137238 0 0.00401659 0.000134511 83.8429 13.3385 0 7.64875e-06 2.21629 0.612903 7.1497
14.4 0.00172827 0.840682 0.163819 6.18399e-09 13.9806 1.11803 0.701994 34.9243 0.0563717 0.00708972 0.0259543 0.00096957 0 0.00405724 0.000134724 83.8356 13.376 0 7.65129e-06 2.22867 0.612903 7.14961
14.5 0.00172827 0.8407 0.163565 6.2462e-09 13.9819 1.11791 0.702087 34.7047 0.0569865 0.007319 0.0266963 0.00096957 0 0.0040981 0.000134861 83.8283 13.4135 0 7.65382e-06 2.24105 0.612903 7.14951
14.6 0.00172827 0.840717 0.163335 6.30584e-09 13.9831 1.11778 0.702176 34.4955 0.057575 0.00754786 0.0274382 0.00096957 0 0.00413916 0.000134917 83.821 13.451 0 7.65636e-06 2.25342 0.612903 7.14942
14.7 0.00172422 0.840734 0.163119 6.36344e-09 13.9844 1.11765 0.702262 34.2945 0.0581428 0.00777645 0.0281802 0.00169432 0 0.00418043 0.00013492 83.8136 13.4885 0 7.6589e-06 2.2658 0.612903 7.14933
14.8 0.00172422 0.84075 0.162918 6.41908e-09 13.9857 1.11752 0.702345 34.1016 0.0586905 0.00800475 0.0289222 0.00169432 0 0.0042219 0.000134872 83.8063 13.526 0 7.66145e-06 2.27818 0.612903 7.14923
14.9 0.00172422 0.840765 0.162734 6.47255e-09 13.987 1.11739 0.702426 33.9176 0.059216 0.00823274 0.0296641 0.00169432 0 0.00426358 0.000134763 83.799 13.5635 0 7.664e-06 2.29055 0.612903 7.14914
15 0.00171733 0.84078 0.162563 6.52431e-09 13.9882 1.11726 0.702504 33.7401 0.0597239 0.00846051 0.0304061 0.00145178 0 0.00430545 0.00013461 83.7917 13.601 0 7.66655e-06 2.30292 0.612903 7.14905
15.1 0.00171733 0.840795 0.162398 6.57487e-09 13.9895 1.11713 0.70258 33.5669 0.0602195 0.00868815 0.0311481 0.00145178 0 0.00434753 0.000134432 83.7844 13.6385 0 7.66911e-06 2.3153 0.612903 7.14896
15.2 0.00171733 0.840809 0.162243 6.62381e-09 13.9908 1.117 0.702654 33.3998 0.0606986 0.00891559 0.03189 0.00145178 0 0.00438981 0.000134214 83.777 13.676 0 7.67167e-06 2.32767 0.612903 7.14887
15.3 0.00171733 0.840823 0.1621 6.67114e-09 13.9921 1.11687 0.702726 33.2389 0.0611612 0.00914283 0.032632 0.00145178 0 0.00443229 0.000133956 83.7697 13.7135 0 7.67424e-06 2.34004 0.612903 7.14878
15.4 0.00171733 0.840836 0.161968 6.71686e-09 13.9934 1.11674 0.702796 33.0841 0.0616073 0.00936987 0.033374 0.00145178 0 0.00447498 0.000133657 83.7624 13.751 0 7.67681e-06 2.35241 0.612903 7.14869
15.5 0.00171733 0.840849 0.161847 6.76097e-09 13.9947 1.11661 0.702864 32.9355 0.0620368 0.0095967 0.0341159 0.00145178 0 0.00451786 0.000133319 83.755 13.7885 0 7.67938e-06 2.36478 0.612903 7.1486
15.6 0.00171733 0.840861 0.161737 6.80346e-09 13.996 1.11648 0.702929 32.793 0.0624499 0.00982332 0.0348579 0.00145178 0 0.00456095 0.00013294 83.7477 13.826 0 7.68196e-06 2.37715 0.612903 7.14851
15.7 0.0017129 0.840874 0.161626 6.84531e-09 13.9973 1.11635 0.702993 32.6526 0.0628547 0.0100499 0.0355999 0.00247017 0 0.00460423 0.000132562 83.7404 13.8635 0 7.68454e-06 2.38952 0.612903 7.14842
15.8 0.0017129 0.840885 0.161523 6.88583e-09 13.9986 1.11622 0.703055 32.5171 0.0632457 0.0102763 0.0363418 0.00247017 0 0.00464771 0.000132157 83.733 13.901 0 7.68712e-06 2.40188 0.612903 7.14833
15.9 0.0017129 0.840897 0.161428 6.92502e-09 13.9999 1.11609 0.703116 32.3867 0.0636224 0.0105026 0.0370838 0.00247017 0 0.00469139 0.000131724 83.7257 13.9385 0 7.68971e-06 2.41425 0.612903 7.14824
16 0.0017129 0.840908 0.16134 6.96285e-09 14.0012 1.11596 0.703174 32.2613 0.063985 0.0107287 0.0378258 0.00247017 0 0.00473527 0.000131262 83.7184 13.976 0 7.6923e-06 2.42662 0.612903 7.14816
16.1 0.0017129 0.840919 0.161261 6.99934e-09 14.0025 1.11582 0.703231 32.1409 0.0643334 0.0109546 0.0385677 0.00247017 0 0.00477935 0.000130771 83.711 14.0135 0 7.69489e-06 2.43898 0.612903 7.14807
16.2 0.0017129 0.84093 0.161189 7.03449e-09 14.0038 1.11569 0.703286 32.0255 0.0646675 0.0111804 0.0393097 0.00247017 0 0.00482363 0.000130252 83.7037 14.051 0 7.69749e-06 2.45134 0.612903 7.14798
16.3 0.00170794 0.84094 0.16112 7.06882e-09 14.0051 1.11556 0.703339 31.913 0.0649929 0.0114061 0.0400517 0.00208617 0 0.0048681 0.000129724 83.6963 14.0885 0 7.70009e-06 2.46371 0.612903 7.1479
16.4 0.00170794 0.84095 0.161051 7.10257e-09 14.0064 1.11543 0.703392 31.8025 0.0653119 0.0116318 0.0407936 0.00208617 0 0.00491277 0.000129197 83.689 14.126 0 7.7027e-06 2.47607 0.612903 7.14781
16.5 0.00170794 0.84096 0.160986 7.13528e-09 14.0077 1.11529 0.703443 31.6958 0.0656198 0.0118574 0.0415356 0.00208617 0 0.00495763 0.000128653 83.6816 14.1635 0 7.70531e-06 2.48843 0.612903 7.14772
16.6 0.00170794 0.840969 0.160926 7.16696e-09 14.009 1.11516 0.703493 31.5929 0.0659167 0.0120828 0.0422776 0.00208617 0 0.00500269 0.000128091 83.6743 14.201 0 7.70792e-06 2.50079 0.612903 7.14764
16.7 0.00170794 0.840978 0.160871 7.19759e-09 14.0103 1.11503 0.703541 31.4938 0.0662024 0.0123082 0.0430195 0.00208617 0 0.00504794 0.000127513 83.6669 14.2385 0 7.71054e-06 2.51315 0.612903 7.14755
16.8 0.00170794 0.840987 0.16082 7.22718e-09 14.0116 1.1149 0.703588 31.3984 0.0664772 0.0125334 0.0437615 0.00208617 0 0.0050934 0.000126917 83.6596 14.276 0 7.71316e-06 2.52551 0.612903 7.14747
16.9 0.0017038 0.840996 0.160774 7.25575e-09 14.0129 1.11477 0.703633 31.3069 0.0667409 0.0127586 0.0445035 0.00172095 0 0.00513905 0.000126305 83.6522 14.3135 0 7.71579e-06 2.53787 0.612903 7.14738
17 0.0017038 0.841004 0.160726 7.28414e-09 14.0142 1.11463 0.703678 31.2158 0.0670026 0.0129837 0.0452454 0.00172095 0 0.00518488 0.000125702 83.6448 14.351 0 7.71842e-06 2.55023 0.612903 7.1473
17.1 0.0017038 0.841013 0.16068 7.31171e-09 14.0155 1.1145 0.703722 31.1277 0.0672555 0.0132088 0.0459874 0.00172095 0 0.00523091 0.00012509 83.6375 14.3885 0 7.72105e-06 2.56259 0.612903 7.14721
17.2 0.0017038 0.841021 0.160637 7.33848e-09 14.0168 1.11437 0.703764 31.0424 0.0674999 0.0134338 0.0467294 0.00172095 0 0.00527713 0.000124467 83.6301 14.426 0 7.72369e-06 2.57494 0.612903 7.14713
17.3 0.0017038 0.841029 0.160597 7.36443e-09 14.0182 1.11424 0.703806 30.9601 0.0677355 0.0136588 0.0474713 0.00172095 0 0.00532355 0.000123835 83.6227 14.4635 0 7.72633e-06 2.5873 0.612903 7.14704
17.4 0.0017038 0.841036 0.160559 7.38958e-09 14.0195 1.1141 0.703846 30.8807 0.0679625 0.0138836 0.0482133 0.00172095 0 0.00537016 0.000123192 83.6154 14.501 0 7.72898e-06 2.59966 0.612903 7.14696
17.5 0.0017038 0.841044 0.160525 7.41392e-09 14.0208 1.11397 0.703885 30.8042 0.0681808 0.0141084 0.0489553 0.00172095 0 0.00541696 0.00012254 83.608 14.5385 0 7.73163e-06 2.61201 0.612903 7.14688
17.6 0.00170009 0.841051 0.160491 7.43765e-09 14.0221 1.11384 0.703923 30.7298 0.0683925 0.0143331 0.0496972 0.00162572 0 0.00546395 0.000121884 83.6006 14.576 0 7.73428e-06 2.62437 0.612903 7.14679
17.7 0.00170009 0.841058 0.160458 7.46086e-09 14.0234 1.11371 0.703961 30.6573 0.0685986 0.0145578 0.0504392 0.00162572 0 0.00551114 0.000121226 83.5932 14.6135 0 7.73694e-06 2.63672 0.612903 7.14671
17.8 0.00170009 0.841065 0.160426 7.48344e-09 14.0247 1.11357 0.703997 30.5871 0.068798 0.0147825 0.0511812 0.00162572 0 0.00555851 0.000120563 83.5859 14.651 0 7.7396e-06 2.64907 0.612903 7.14662
17.9 0.00170009 0.841072 0.160396 7.50543e-09 14.026 1.11344 0.704033 30.5189 0.0689908 0.015007 0.0519231 0.00162572 0 0.00560607 0.000119896 83.5785 14.6885 0 7.74227e-06 2.66143 0.612903 7.14654
18 0.00170009 0.841079 0.160366 7.52683e-09 14.0273 1.11331 0.704067 30.4529 0.0691773 0.0152316 0.0526651 0.00162572 0 0.00565383 0.000119226 83.5711 14.726 0 7.74494e-06 2.67378 0.612903 7.14646
18.1 0.00170009 0.841085 0.160337 7.54767e-09 14.0286 1.11318 0.704101 30.3887 0.0693579 0.0154561 0.0534071 0.00162572 0 0.00570177 0.000118553 83.5637 14.7635 0 7.74761e-06 2.68613 0.612903 7.14638
18.2 0.00169462 0.841091 0.160309 7.56798e-09 14.0299 1.11304 0.704134 30.3265 0.0695325 0.0156805 0.054149 0.00122269 0 0.0057499 0.000117878 83.5563 14.801 0 7.75029e-06 2.69848 0.612903 7.14629
18.3 0.00169462 0.841098 0.160282 7.58776e-09 14.0312 1.11291 0.704167 30.2662 0.0697013 0.0159049 0.054891 0.00122269 0 0.00579822 0.000117201 83.5489 14.8385 0 7.75297e-06 2.71083 0.612903 7.14621
18.4 0.00169462 0.841104 0.160254 7.60703e-09 14.0325 1.11278 0.704198 30.2077 0.0698645 0.0161293 0.055633 0.00122269 0 0.00584673 0.000116524 83.5415 14.876 0 7.75566e-06 2.72318 0.612903 7.14613
18.5 0.00169462 0.84111 0.160227 7.62582e-09 14.0338 1.11265 0.704229 30.1509 0.0700225 0.0163535 0.0563749 0.00122269 0 0.00589543 0.000115847 83.5341 14.9135 0 7.75835e-06 2.73553 0.612903 7.14605
18.6 0.00169462 0.841115 0.1602 7.64415e-09 14.0351 1.11252 0.704259 30.0956 0.0701754 0.0165778 0.0571169 0.00122269 0 0.00594431 0.000115171 83.5267 14.951 0 7.76104e-06 2.74788 0.612903 7.14596
18.7 0.00169462 0.841121 0.160172 7.66205e-09 14.0364 1.11239 0.704289 30.0419 0.0703234 0.016802 0.0578589 0.00122269 0 0.00599337 0.000114495 83.5193 14.9885 0 7.76374e-06 2.76023 0.612903 7.14588
18.8 0.00169462 0.841126 0.160144 7.67953e-09 14.0377 1.11225 0.704318 29.9897 0.0704669 0.0170261 0.0586008 0.00122269 0 0.00604263 0.000113822 83.5119 15.026 0 7.76644e-06 2.77258 0.612903 7.1458
18.9 0.00169462 0.841132 0.160116 7.69661e-09 14.039 1.11212 0.704346 29.9388 0.0706058 0.0172503 0.0593428 0.00122269 0 0.00609206 0.000113151 83.5045 15.0635 0 7.76915e-06 2.78492 0.612903 7.14572
19 0.00169462 0.841137 0.160087 7.71332e-09 14.0403 1.11199 0.704374 29.8892 0.0707406 0.0174743 0.0600848 0.00122269 0 0.00614169 0.000112483 83.4971 15.101 0 7.77186e-06 2.79727 0.612903 7.14564
19.1 0.00169462 0.841142 0.160056 7.72968e-09 14.0416 1.11186 0.704401 29.8408 0.0708714 0.0176984 0.0608267 0.00122269 0 0.0061915 0.000111819 83.4897 15.1385 0 7.77457e-06 2.80962 0.612903 7.14555
19.2 0.00169462 0.841147 0.160025 7.74571e-09 14.0429 1.11173 0.704427 29.7936 0.0709984 0.0179224 0.0615687 0.00122269 0 0.00624149 0.00011116 83.4823 15.176 0 7.77729e-06 2.82196 0.612903 7.14547
19.3 0.00169462 0.841152 0.159993 7.76143e-09 14.0442 1.1116 0.704454 29.7474 0.0711219 0.0181463 0.0623107 0.00122269 0 0.00629166 0.000110506 83.4749 15.2135 0 7.78002e-06 2.83431 0.612903 7.14539
19.4 0.00169462 0.841157 0.159958 7.77686e-09 14.0455 1.11147 0.704479 29.7022 0.071242 0.0183702 0.0630526 0.00122269 0 0.00634202 0.000109858 83.4675 15.251 0 7.78274e-06 2.84665 0.612903 7.14531
19.5 0.00169027 0.841162 0.159923 7.79198e-09 14.0468 1.11133 0.704504 29.6581 0.0713586 0.0185941 0.0637946 -0.00178702 0 0.00639256 0.000109213 83.4601 15.2885 0 7.78547e-06 2.859 0.612903 7.14523
19.6 0.00169027 0.841167 0.159892 7.80651e-09 14.0481 1.1112 0.704529 29.6161 0.0714695 0.0188179 0.0645366 -0.00178702 0 0.00644328 0.000108555 83.4527 15.326 0 7.78821e-06 2.87134 0.612903 7.14515
19.7 0.00169027 0.841171 0.15986 7.82072e-09 14.0494 1.11107 0.704553 29.5753 0.0715769 0.0190416 0.0652785 -0.00178702 0 0.00649419 0.000107899 83.4452 15.3635 0 7.79095e-06 2.88368 0.612903 7.14507
19.8 0.00169027 0.841176 0.159827 7.83462e-09 14.0507 1.11094 0.704576 29.5356 0.0716809 0.0192653 0.0660205 -0.00178702 0 0.00654527 0.000107244 83.4378 15.401 0 7.7937e-06 2.89603 0.612903 7.14499
19.9 0.00169027 0.84118 0.159793 7.84823e-09 14.052 1.11081 0.704599 29.4968 0.0717817 0.019489 0.0667625 -0.00178702 0 0.00659654 0.000106592 83.4304 15.4385 0 7.79644e-06 2.90837 0.612903 7.14491
20 0.00169027 0.841184 0.159759 7.86156e-09 14.0533 1.11068 0.704622 29.4591 0.0718796 0.0197126 0.0675044 -0.00178702 0 0.00664799 0.000105943 83.423 15.476 0 7.7992e-06 2.92071 0.612903 7.14483
20.1 0.00169027 0.841189 0.159724 7.87462e-09 14.0545 1.11055 0.704644 29.4222 0.0719745 0.0199361 0.0682464 -0.00178702 0 0.00669962 0.000105296 83.4155 15.5135 0 7.80196e-06 2.93305 0.612903 7.14475
20.2 0.00169027 0.841193 0.159688 7.88742e-09 14.0558 1.11042 0.704666 29.3863 0.0720667 0.0201596 0.0689884 -0.00178702 0 0.00675143 0.000104653 83.4081 15.551 0 7.80472e-06 2.94539 0.612903 7.14466
20.3 0.00169027 0.841197 0.159652 7.89999e-09 14.0571 1.11029 0.704687 29.3511 0.0721563 0.0203831 0.0697303 -0.00178702 0 0.00680341 0.000104012 83.4007 15.5885 0 7.80748e-06 2.95773 0.612903 7.14458
20.4 0.00169027 0.841201 0.159614 7.91233e-09 14.0584 1.11016 0.704708 29.3168 0.0722435 0.0206065 0.0704723 -0.00178702 0 0.00685558 0.000103374 83.3932 15.626 0 7.81025e-06 2.97007 0.612903 7.1445
20.5 0.00169027 0.841205 0.159575 7.92446e-09 14.0597 1.11003 0.704729 29.2832 0.0723284 0.0208299 0.0712143 -0.00178702 0 0.00690792 0.00010274 83.3858 15.6635 0 7.81303e-06 2.98241 0.612903 7.14442
20.6 0.00169027 0.841209 0.159536 7.93638e-09 14.061 1.1099 0.704749 29.2503 0.0724112 0.0210532 0.0719562 -0.00178702 0 0.00696044 0.00010211 83.3784 15.701 0 7.81581e-06 2.99475 0.612903 7.14434
20.7 0.00169027 0.841212 0.159495 7.94812e-09 14.0623 1.10977 0.704769 29.218 0.0724919 0.0212765 0.0726982 -0.00178702 0 0.00701314 0.000101483 83.3709 15.7385 0 7.81859e-06 3.00709 0.612903 7.14426
20.8 0.00168706 0.841216 0.159453 7.95964e-09 14.0635 1.10964 0.704789 29.1865 0.0725704 0.0214997 0.0734402 -9.39899e-05 0 0.00706602 0.00010086 83.3635 15.776 0 7.82138e-06 3.01943 0.612903 7.14418
20.9 0.00168706 0.84122 0.15941 7.97076e-09 14.0648 1.10951 0.704808 29.1563 0.0726442 0.0217228 0.0741821 -9.39899e-05 0 0.00711907 0.000100245 83.356 15.8135 0 7.82417e-06 3.03177 0.612903 7.1441
21 0.00168706 0.841223 0.159365 7.98166e-09 14.0661 1.10938 0.704827 29.127 0.0727158 0.0219458 0.0749241 -9.39899e-05 0 0.0071723 9.96348e-05 83.3486 15.851 0 7.82697e-06 3.04411 0.612903 7.14402
21.1 0.00168706 0.841227 0.15932 7.99236e-09 14.0674 1.10925 0.704846 29.0983 0.0727851 0.0221688 0.0756661 -9.39899e-05 0 0.00722571 9.903e-05 83.3411 15.8885 0 7.82977e-06 3.05644 0.612903 7.14394
21.2 0.00168706 0.84123 0.159273 8.00286e-09 14.0687 1.10912 0.704864 29.0702 0.0728524 0.0223918 0.076408 -9.39899e-05 0 0.00727929 9.84307e-05 83.3337 15.926 0 7.83258e-06 3.06878 0.612903 7.14387
21.3 0.00168706 0.841234 0.159224 8.01318e-09 14.0699 1.10899 0.704882 29.0428 0.0729177 0.0226146 0.07715 -9.39899e-05 0 0.00733305 9.78371e-05 83.3262 15.9635 0 7.83539e-06 3.08111 0.612903 7.14379
21.4 0.00168706 0.841237 0.159174 8.02333e-09 14.0712 1.10886 0.7049 29.016 0.0729811 0.0228374 0.077892 -9.39899e-05 0 0.00738698 9.72494e-05 83.3188 16.001 0 7.8382e-06 3.09345 0.612903 7.14371
21.5 0.00168706 0.841241 0.159123 8.0333e-09 14.0725 1.10873 0.704917 28.9898 0.0730427 0.0230602 0.078634 -9.39899e-05 0 0.00744108 9.6668e-05 83.3113 16.0385 0 7.84102e-06 3.10579 0.612903 7.14363
21.6 0.00168706 0.841244 0.15907 8.04312e-09 14.0738 1.1086 0.704934 28.9641 0.0731026 0.0232828 0.0793759 -9.39899e-05 0 0.00749536 9.6093e-05 83.3039 16.076 0 7.84385e-06 3.11812 0.612903 7.14355
21.7 0.00168706 0.841247 0.159015 8.05279e-09 14.075 1.10847 0.704951 28.9389 0.0731609 0.0235054 0.0801179 -9.39899e-05 0 0.00754982 9.55246e-05 83.2964 16.1135 0 7.84668e-06 3.13046 0.612903 7.14347
21.8 0.00168706 0.84125 0.158958 8.06232e-09 14.0763 1.10834 0.704968 28.9142 0.0732177 0.023728 0.0808599 -9.39899e-05 0 0.00760444 9.49632e-05 83.2889 16.151 0 7.84951e-06 3.14279 0.612903 7.14339
21.9 0.00168706 0.841253 0.1589 8.07171e-09 14.0776 1.10821 0.704985 28.8899 0.0732731 0.0239504 0.0816018 -9.39899e-05 0 0.00765924 9.44088e-05 83.2815 16.1885 0 7.85235e-06 3.15512 0.612903 7.14331
22 0.00168706 0.841257 0.15884 8.08098e-09 14.0788 1.10808 0.705001 28.866 0.0733271 0.0241728 0.0823438 -9.39899e-05 0 0.00771421 9.38618e-05 83.274 16.2259 0 7.85519e-06 3.16746 0.612903 7.14323
22.1 0.00168419 0.84126 0.158779 8.0901e-09 14.0801 1.10796 0.705017 28.8427 0.0733795 0.0243951 0.0830858 0.00142839 0 0.00776935 9.33191e-05 83.2665 16.2634 0 7.85804e-06 3.17979 0.612903 7.14315
22.2 0.00168419 0.841263 0.158719 8.09891e-09 14.0814 1.10783 0.705033 28.8204 0.0734287 0.0246173 0.0838277 0.00142839 0 0.00782466 9.27703e-05 83.259 16.3009 0 7.86089e-06 3.19212 0.612903 7.14307
22.3 0.00168419 0.841265 0.158658 8.10757e-09 14.0826 1.1077 0.705048 28.7987 0.0734763 0.0248394 0.0845697 0.00142839 0 0.00788015 9.22259e-05 83.2516 16.3384 0 7.86374e-06 3.20445 0.612903 7.14299
22.4 0.00168419 0.841268 0.158595 8.11609e-09 14.0839 1.10757 0.705063 28.7774 0.0735223 0.0250615 0.0853117 0.00142839 0 0.0079358 9.16857e-05 83.2441 16.3759 0 7.86661e-06 3.21678 0.612903 7.14291
22.5 0.00168419 0.841271 0.158531 8.12446e-09 14.0852 1.10744 0.705078 28.7566 0.073567 0.0252834 0.0860536 0.00142839 0 0.00799162 9.11498e-05 83.2366 16.4134 0 7.86947e-06 3.22912 0.612903 7.14284
22.6 0.00168419 0.841274 0.158466 8.13271e-09 14.0864 1.10731 0.705093 28.7363 0.0736102 0.0255053 0.0867956 0.00142839 0 0.00804762 9.06181e-05 83.2291 16.4509 0 7.87234e-06 3.24145 0.612903 7.14276
22.7 0.00168419 0.841277 0.1584 8.14082e-09 14.0877 1.10719 0.705108 28.7164 0.0736521 0.0257271 0.0875376 0.00142839 0 0.00810378 9.00906e-05 83.2216 16.4884 0 7.87522e-06 3.25378 0.612903 7.14268
22.8 0.00168419 0.84128 0.158333 8.14881e-09 14.089 1.10706 0.705122 28.697 0.0736926 0.0259488 0.0882795 0.00142839 0 0.00816011 8.95672e-05 83.2142 16.5259 0 7.8781e-06 3.26611 0.612903 7.1426
22.9 0.00168419 0.841282 0.158265 8.15669e-09 14.0902 1.10693 0.705136 28.6779 0.073732 0.0261704 0.0890215 0.00142839 0 0.00821661 8.9048e-05 83.2067 16.5634 0 7.88098e-06 3.27844 0.612903 7.14252
23 0.00168419 0.841285 0.158195 8.16445e-09 14.0915 1.1068 0.70515 28.6592 0.0737702 0.0263919 0.0897635 0.00142839 0 0.00827328 8.85329e-05 83.1992 16.6009 0 7.88387e-06 3.29077 0.612903 7.14244
23.1 0.00168419 0.841288 0.158124 8.1721e-09 14.0927 1.10667 0.705164 28.6409 0.0738073 0.0266133 0.0905054 0.00142839 0 0.00833011 8.80218e-05 83.1917 16.6384 0 7.88676e-06 3.30309 0.612903 7.14236
23.2 0.00168419 0.84129 0.158052 8.17964e-09 14.094 1.10655 0.705178 28.623 0.0738433 0.0268346 0.0912474 0.00142839 0 0.00838711 8.75148e-05 83.1842 16.6759 0 7.88966e-06 3.31542 0.612903 7.14228
23.3 0.00168419 0.841293 0.157979 8.18709e-09 14.0953 1.10642 0.705191 28.6054 0.0738783 0.0270558 0.0919894 0.00142839 0 0.00844428 8.70117e-05 83.1767 16.7134 0 7.89256e-06 3.32775 0.612903 7.14221
23.4 0.00168186 0.841295 0.157905 8.19442e-09 14.0965 1.10629 0.705204 28.5882 0.0739121 0.0272769 0.0927313 0.00307396 0 0.00850162 8.6512e-05 83.1692 16.7509 0 7.89547e-06 3.34008 0.612903 7.14213
23.5 0.00168186 0.841298 0.15783 8.20156e-09 14.0978 1.10616 0.705218 28.5716 0.0739439 0.0274979 0.0934733 0.00307396 0 0.00855912 8.60143e-05 83.1617 16.7884 0 7.89839e-06 3.3524 0.612903 7.14205
23.6 0.00168186 0.8413 0.157755 8.2086e-09 14.099 1.10604 0.70523 28.5553 0.0739745 0.0277189 0.0942153 0.00307396 0 0.00861678 8.552e-05 83.1542 16.8259 0 7.9013e-06 3.36473 0.612903 7.14197
23.7 0.00168186 0.841303 0.157678 8.21552e-09 14.1003 1.10591 0.705243 28.5394 0.0740041 0.0279397 0.0949572 0.00307396 0 0.00867461 8.50289e-05 83.1467 16.8634 0 7.90423e-06 3.37706 0.612903 7.14189
23.8 0.00168186 0.841305 0.157601 8.22235e-09 14.1015 1.10578 0.705256 28.5239 0.0740326 0.0281604 0.0956992 0.00307396 0 0.00873261 8.4541e-05 83.1392 16.9009 0 7.90715e-06 3.38938 0.612903 7.14181
23.9 0.00168186 0.841307 0.157523 8.22907e-09 14.1028 1.10566 0.705268 28.5087 0.0740601 0.028381 0.0964412 0.00307396 0 0.00879077 8.40563e-05 83.1317 16.9384 0 7.91009e-06 3.40171 0.612903 7.14174
24 0.00168186 0.84131 0.157444 8.2357e-09 14.104 1.10553 0.70528 28.4938 0.0740867 0.0286014 0.0971831 0.00307396 0 0.00884909 8.35746e-05 83.1241 16.9759 0 7.91302e-06 3.41403 0.612903 7.14166
24.1 0.00168186 0.841312 0.157364 8.24223e-09 14.1053 1.1054 0.705292 28.4793 0.0741122 0.0288218 0.0979251 0.00307396 0 0.00890758 8.3096e-05 83.1166 17.0134 0 7.91597e-06 3.42636 0.612903 7.14158
24.2 0.00168186 0.841314 0.157283 8.24867e-09 14.1065 1.10527 0.705304 28.465 0.0741369 0.0290421 0.0986671 0.00307396 0 0.00896623 8.26202e-05 83.1091 17.0509 0 7.91891e-06 3.43868 0.612903 7.1415
24.3 0.00168186 0.841316 0.157202 8.25502e-09 14.1078 1.10515 0.705316 28.451 0.0741607 0.0292622 0.0994091 0.00307396 0 0.00902504 8.21473e-05 83.1016 17.0884 0 7.92187e-06 3.45101 0.612903 7.14142
24.4 0.00168186 0.841319 0.157119 8.2613e-09 14.109 1.10502 0.705328 28.4373 0.0741837 0.0294822 0.100151 0.00307396 0 0.00908401 8.16772e-05 83.0941 17.1259 0 7.92482e-06 3.46333 0.612903 7.14135
24.5 0.00168186 0.841321 0.157036 8.26749e-09 14.1103 1.10489 0.705339 28.4239 0.0742059 0.0297022 0.100893 0.00307396 0 0.00914315 8.12098e-05 83.0865 17.1634 0 7.92778e-06 3.47565 0.612903 7.14127
24.6 0.00168186 0.841323 0.156952 8.2736e-09 14.1115 1.10477 0.705351 28.4107 0.0742273 0.029922 0.101635 0.00307396 0 0.00920245 8.07451e-05 83.079 17.2009 0 7.93075e-06 3.48798 0.612903 7.14119
24.7 0.00167871 0.841325 0.156867 8.27961e-09 14.1128 1.10464 0.705362 28.3978 0.0742477 0.0301416 0.102377 -0.00148654 0 0.00926191 8.02841e-05 83.0715 17.2384 0 7.93372e-06 3.5003 0.612903 7.14111
24.8 0.00167871 0.841327 0.156781 8.2855e-09 14.114 1.10452 0.705373 28.3854 0.0742668 0.0303612 0.103119 -0.00148654 0 0.00932152 7.98288e-05 83.064 17.2759 0 7.9367e-06 3.51262 0.612903 7.14103
24.9 0.00167871 0.841329 0.156694 8.2913e-09 14.1153 1.10439 0.705384 28.3732 0.074285 0.0305806 0.103861 -0.00148654 0 0.0093813 7.93768e-05 83.0564 17.3134 0 7.93968e-06 3.52494 0.612903 7.14096
25 0.00167871 0.841331 0.156606 8.29702e-09 14.1165 1.10426 0.705395 28.3614 0.0743024 0.0308 0.104603 -0.00148654 0 0.00944124 7.89282e-05 83.0489 17.3509 0 7.94267e-06 3.53727 0.612903 7.14088
25.1 0.00167871 0.841333 0.156517 8.30266e-09 14.1178 1.10414 0.705406 28.3498 0.074319 0.0310192 0.105345 -0.00148654 0 0.00950134 7.84829e-05 83.0413 17.3884 0 7.94566e-06 3.54959 0.612903 7.1408
25.2 0.00167871 0.841335 0.156427 8.30822e-09 14.119 1.10401 0.705416 28.3384 0.0743348 0.0312382 0.106087 -0.00148654 0 0.0095616 7.8041e-05 83.0338 17.4259 0 7.94866e-06 3.56191 0.612903 7.14072
25.3 0.00167871 0.841337 0.156336 8.3137e-09 14.1203 1.10388 0.705427 28.3274 0.0743498 0.0314572 0.106829 -0.00148654 0 0.00962202 7.76024e-05 83.0263 17.4634 0 7.95166e-06 3.57423 0.612903 7.14065
25.4 0.00167871 0.841339 0.156244 8.3191e-09 14.1215 1.10376 0.705437 28.3165 0.0743642 0.031676 0.107571 -0.00148654 0 0.00968259 7.71672e-05 83.0187 17.5009 0 7.95467e-06 3.58655 0.612903 7.14057
25.5 0.00167871 0.841341 0.156151 8.32444e-09 14.1227 1.10363 0.705447 28.3059 0.0743778 0.0318947 0.108313 -0.00148654 0 0.00974333 7.67352e-05 83.0112 17.5384 0 7.95768e-06 3.59887 0.612903 7.14049
25.6 0.00167871 0.841343 0.156058 8.3297e-09 14.124 1.10351 0.705457 28.2956 0.0743907 0.0321132 0.109055 -0.00148654 0 0.00980422 7.63066e-05 83.0036 17.5759 0 7.9607e-06 3.61118 0.612903 7.14041
25.7 0.00167871 0.841345 0.155963 8.3349e-09 14.1252 1.10338 0.705467 28.2854 0.0744029 0.0323316 0.109797 -0.00148654 0 0.00986526 7.58813e-05 82.9961 17.6134 0 7.96372e-06 3.6235 0.612903 7.14033
25.8 0.00167871 0.841347 0.155868 8.34002e-09 14.1265 1.10326 0.705477 28.2755 0.0744145 0.0325499 0.110539 -0.00148654 0 0.00992647 7.54593e-05 82.9885 17.6509 0 7.96675e-06 3.63582 0.612903 7.14026
25.9 0.00167871 0.841349 0.155772 8.34508e-09 14.1277 1.10313 0.705487 28.2658 0.0744255 0.0327681 0.111281 -0.00148654 0 0.00998783 7.50406e-05 82.981 17.6884 0 7.96978e-06 3.64814 0.612903 7.14018
26 0.00167871 0.841351 0.155674 8.35008e-09 14.1289 1.103 0.705496 28.2563 0.0744359 0.0329861 0.112023 -0.00148654 0 0.0100493 7.46252e-05 82.9734 17.7259 0 7.97282e-06 3.66046 0.612903 7.1401
26.1 0.00167871 0.841353 0.155576 8.35502e-09 14.1302 1.10288 0.705506 28.247 0.0744457 0.033204 0.112764 -0.00148654 0 0.010111 7.42131e-05 82.9658 17.7634 0 7.97586e-06 3.67277 0.612903 7.14003
26.2 0.00167871 0.841354 0.155478 8.3599e-09 14.1314 1.10275 0.705516 28.2379 0.0744549 0.0334217 0.113506 -0.00148654 0 0.0101728 7.38043e-05 82.9583 17.8009 0 7.97891e-06 3.68509 0.612903 7.13995
26.3 0.00167871 0.841356 0.155378 8.36472e-09 14.1326 1.10263 0.705525 28.229 0.0744637 0.0336393 0.114248 -0.00148654 0 0.0102348 7.33988e-05 82.9507 17.8384 0 7.98197e-06 3.69741 0.612903 7.13987
26.4 0.00167871 0.841358 0.155277 8.36949e-09 14.1339 1.1025 0.705534 28.2203 0.0744719 0.0338568 0.11499 -0.00148654 0 0.010297 7.29965e-05 82.9432 17.8759 0 7.98503e-06 3.70972 0.612903 7.13979
26.5 0.00167871 0.84136 0.155176 8.37421e-09 14.1351 1.10238 0.705543 28.2117 0.0744796 0.0340741 0.115732 -0.00148654 0 0.0103593 7.25975e-05 82.9356 17.9134 0 7.98809e-06 3.72204 0.612903 7.13972
26.6 0.00167871 0.841361 0.155073 8.37887e-09 14.1363 1.10225 0.705553 28.2033 0.0744869 0.0342912 0.116474 -0.00148654 0 0.0104217 7.22017e-05 82.928 17.9509 0 7.99116e-06 3.73436 0.612903 7.13964
26.7 0.00167583 0.841363 0.15497 8.38347e-09 14.1376 1.10213 0.705562 28.1951 0.0744935 0.0345082 0.117216 0.00337914 0 0.0104843 7.18101e-05 82.9204 17.9884 0 7.99424e-06 3.74667 0.612903 7.13956
26.8 0.00167583 0.841365 0.154865 8.38798e-09 14.1388 1.102 0.70557 28.1871 0.0744994 0.0347251 0.117958 0.00337914 0 0.010547 7.14237e-05 82.9129 18.0259 0 7.99732e-06 3.75898 0.612903 7.13948
26.9 0.00167583 0.841366 0.154759 8.39244e-09 14.14 1.10188 0.705579 28.1794 0.0745048 0.0349419 0.1187 0.00337914 0 0.0106099 7.1041e-05 82.9053 18.0634 0 8.0004e-06 3.7713 0.612903 7.13941
27 0.00167583 0.841368 0.154653 8.39684e-09 14.1413 1.10175 0.705588 28.1717 0.0745098 0.0351584 0.119442 0.00337914 0 0.010673 7.06621e-05 82.8977 18.1009 0 8.00349e-06 3.78361 0.612903 7.13933
27.1 0.00167583 0.84137 0.154545 8.4012e-09 14.1425 1.10163 0.705597 28.1643 0.0745143 0.0353749 0.120184 0.00337914 0 0.0107362 7.02868e-05 82.8901 18.1384 0 8.00659e-06 3.79593 0.612903 7.13925
27.2 0.00167583 0.841371 0.154437 8.4055e-09 14.1437 1.1015 0.705605 28.1569 0.0745184 0.0355911 0.120926 0.00337914 0 0.0107996 6.99153e-05 82.8825 18.1759 0 8.00969e-06 3.80824 0.612903 7.13918
27.3 0.00167583 0.841373 0.154327 8.40976e-09 14.1449 1.10138 0.705614 28.1498 0.074522 0.0358073 0.121668 0.00337914 0 0.0108631 6.95475e-05 82.875 18.2134 0 8.0128e-06 3.82055 0.612903 7.1391
27.4 0.00167583 0.841375 0.154216 8.41397e-09 14.1462 1.10126 0.705622 28.1427 0.0745254 0.0360232 0.12241 0.00337914 0 0.0109267 6.91835e-05 82.8674 18.2509 0 8.01591e-06 3.83286 0.612903 7.13902
27.5 0.00167583 0.841376 0.154105 8.41813e-09 14.1474 1.10113 0.705631 28.1358 0.0745283 0.0362391 0.123152 0.00337914 0 0.0109905 6.88233e-05 82.8598 18.2884 0 8.01903e-06 3.84518 0.612903 7.13894
27.6 0.00167583 0.841378 0.153992 8.42226e-09 14.1486 1.10101 0.705639 28.129 0.0745309 0.0364547 0.123894 0.00337914 0 0.0110545 6.84669e-05 82.8522 18.3259 0 8.02216e-06 3.85749 0.612903 7.13887
27.7 0.00167583 0.841379 0.153879 8.42634e-09 14.1498 1.10088 0.705647 28.1224 0.0745332 0.0366702 0.124636 0.00337914 0 0.0111186 6.81143e-05 82.8446 18.3634 0 8.02529e-06 3.8698 0.612903 7.13879
27.8 0.00167583 0.841381 0.153765 8.43038e-09 14.1511 1.10076 0.705655 28.1158 0.0745351 0.0368856 0.125378 0.00337914 0 0.0111829 6.77656e-05 82.837 18.4009 0 8.02842e-06 3.88211 0.612903 7.13871
27.9 0.00167583 0.841382 0.153649 8.43438e-09 14.1523 1.10064 0.705663 28.1094 0.0745368 0.0371007 0.12612 0.00337914 0 0.0112473 6.74207e-05 82.8294 18.4384 0 8.03156e-06 3.89442 0.612903 7.13864
28 0.00167583 0.841384 0.153533 8.43835e-09 14.1535 1.10051 0.705671 28.103 0.0745382 0.0373158 0.126862 0.00337914 0 0.0113118 6.70797e-05 82.8218 18.4759 0 8.03471e-06 3.90673 0.612903 7.13856
28.1 0.00167583 0.841385 0.153415 8.44228e-09 14.1547 1.10039 0.705679 28.0968 0.0745394 0.0375306 0.127604 0.00337914 0 0.0113765 6.67425e-05 82.8142 18.5134 0 8.03786e-06 3.91904 0.612903 7.13848
28.2 0.00167583 0.841387 0.153297 8.44618e-09 14.1559 1.10026 0.705687 28.0906 0.0745403 0.0377453 0.128346 0.00337914 0 0.0114414 6.64093e-05 82.8066 18.5509 0 8.04102e-06 3.93135 0.612903 7.13841
28.3 0.00167583 0.841389 0.153178 8.45005e-09 14.1572 1.10014 0.705695 28.0845 0.074541 0.0379598 0.129088 0.00337914 0 0.0115064 6.608e-05 82.799 18.5884 0 8.04418e-06 3.94366 0.612903 7.13833
28.4 0.00167583 0.84139 0.153057 8.45388e-09 14.1584 1.10002 0.705703 28.0785 0.0745415 0.0381742 0.12983 0.00337914 0 0.0115715 6.57547e-05 82.7914 18.6259 0 8.04735e-06 3.95597 0.612903 7.13825
28.5 0.00167583 0.841391 0.152936 8.45769e-09 14.1596 1.09989 0.705711 28.0726 0.0745418 0.0383884 0.130572 0.00337914 0 0.0116368 6.54333e-05 82.7837 18.6634 0 8.05052e-06 3.96828 0.612903 7.13818
28.6 0.00167583 0.841393 0.152814 8.46147e-09 14.1608 1.09977 0.705719 28.0668 0.074542 0.0386024 0.131314 0.00337914 0 0.0117022 6.51159e-05 82.7761 18.7009 0 8.0537e-06 3.98059 0.612903 7.1381
28.7 0.00167383 0.841394 0.152691 8.4652e-09 14.162 1.09965 0.705726 28.0611 0.0745416 0.0388163 0.132056 0.00140821 0 0.0117678 6.47985e-05 82.7685 18.7384 0 8.05689e-06 3.99289 0.612903 7.13802
28.8 0.00167383 0.841396 0.15257 8.46884e-09 14.1632 1.09952 0.705734 28.0558 0.0745403 0.03903 0.132798 0.00140821 0 0.0118335 6.44754e-05 82.7609 18.7759 0 8.06008e-06 4.0052 0.612903 7.13795
28.9 0.00167383 0.841397 0.152449 8.47245e-09 14.1645 1.0994 0.705741 28.0506 0.0745386 0.0392435 0.13354 0.00140821 0 0.0118994 6.41544e-05 82.7533 18.8134 0 8.06327e-06 4.01751 0.612903 7.13787
29 0.00167383 0.841399 0.152327 8.47602e-09 14.1657 1.09928 0.705749 28.0455 0.0745367 0.0394569 0.134282 0.00140821 0 0.0119654 6.38355e-05 82.7456 18.8509 0 8.06648e-06 4.02981 0.612903 7.13779
29.1 0.00167383 0.8414 0.152204 8.47957e-09 14.1669 1.09915 0.705756 28.0404 0.0745345 0.0396701 0.135024 0.00140821 0 0.0120316 6.35185e-05 82.738 18.8884 0 8.06969e-06 4.04212 0.612903 7.13772
29.2 0.00167383 0.841401 0.152081 8.48307e-09 14.1681 1.09903 0.705763 28.0355 0.0745321 0.0398832 0.135765 0.00140821 0 0.0120979 6.32033e-05 82.7304 18.9259 0 8.0729e-06 4.05443 0.612903 7.13764
29.3 0.00167383 0.841403 0.151958 8.48655e-09 14.1693 1.09891 0.705771 28.0307 0.0745294 0.040096 0.136507 0.00140821 0 0.0121643 6.289e-05 82.7227 18.9634 0 8.07612e-06 4.06673 0.612903 7.13756
29.4 0.00167383 0.841404 0.151834 8.49e-09 14.1705 1.09878 0.705778 28.026 0.0745265 0.0403087 0.137249 0.00140821 0 0.0122309 6.25783e-05 82.7151 19.0009 0 8.07934e-06 4.07904 0.612903 7.13749
29.5 0.00167383 0.841406 0.15171 8.49342e-09 14.1717 1.09866 0.705785 28.0214 0.0745234 0.0405213 0.137991 0.00140821 0 0.0122977 6.22683e-05 82.7075 19.0384 0 8.08258e-06 4.09134 0.612903 7.13741
29.6 0.00167383 0.841407 0.151585 8.49681e-09 14.1729 1.09854 0.705792 28.0168 0.0745201 0.0407336 0.138733 0.00140821 0 0.0123645 6.19599e-05 82.6998 19.0759 0 8.08581e-06 4.10365 0.612903 7.13733
29.7 0.00167383 0.841408 0.15146 8.50018e-09 14.1742 1.09842 0.705799 28.0123 0.0745166 0.0409458 0.139475 0.00140821 0 0.0124316 6.1653e-05 82.6922 19.1134 0 8.08906e-06 4.11595 0.612903 7.13726
29.8 0.00167383 0.84141 0.151334 8.50351e-09 14.1754 1.09829 0.705806 28.0079 0.0745128 0.0411578 0.140217 0.00140821 0 0.0124987 6.13475e-05 82.6846 19.1509 0 8.0923e-06 4.12826 0.612903 7.13718
29.9 0.00167383 0.841411 0.151208 8.50683e-09 14.1766 1.09817 0.705813 28.0036 0.0745089 0.0413696 0.140959 0.00140821 0 0.012566 6.10434e-05 82.6769 19.1884 0 8.09556e-06 4.14056 0.612903 7.13711
30 0.00167383 0.841412 0.151082 8.51012e-09 14.1778 1.09805 0.70582 27.9994 0.0745048 0.0415812 0.141701 0.00140821 0 0.0126335 6.07405e-05 82.6693 19.2259 0 8.09882e-06 4.15286 0.612903 7.13703
30.1 0.00167383 0.841414 0.150956 8.51338e-09 14.179 1.09792 0.705827 27.9952 0.0745006 0.0417927 0.142443 0.00140821 0 0.012701 6.04389e-05 82.6616 19.2634 0 8.10209e-06 4.16516 0.612903 7.13695
30.2 0.00167383 0.841415 0.150829 8.51662e-09 14.1802 1.0978 0.705834 27.9912 0.0744962 0.042004 0.143185 0.00140821 0 0.0127688 6.01383e-05 82.654 19.3009 0 8.10536e-06 4.17747 0.612903 7.13688
30.3 0.00167383 0.841416 0.150702 8.51985e-09 14.1814 1.09768 0.705841 27.9871 0.0744917 0.0422151 0.143927 0.00140821 0 0.0128366 5.98389e-05 82.6463 19.3384 0 8.10864e-06 4.18977 0.612903 7.1368
30.4 0.00167383 0.841417 0.150575 8.52305e-09 14.1826 1.09756 0.705847 27.9832 0.074487 0.042426 0.144669 0.00140821 0 0.0129046 5.95404e-05 82.6386 19.3759 0 8.11192e-06 4.20207 0.612903 7.13672
30.5 0.00167383 0.841419 0.150448 8.52623e-09 14.1838 1.09743 0.705854 27.9792 0.0744822 0.0426367 0.145411 0.00140821 0 0.0129728 5.92428e-05 82.631 19.4134 0 8.11521e-06 4.21437 0.612903 7.13665
30.6 0.00167383 0.84142 0.15032 8.52939e-09 14.185 1.09731 0.705861 27.9754 0.0744774 0.0428473 0.146153 0.00140821 0 0.0130411 5.89461e-05 82.6233 19.4509 0 8.11851e-06 4.22667 0.612903 7.13657
30.7 0.00167144 0.841421 0.150192 8.53252e-09 14.1862 1.09719 0.705868 27.9716 0.0744722 0.0430576 0.146895 0.0151713 0 0.0131095 5.86539e-05 82.6157 19.4884 0 8.12181e-06 4.23897 0.612903 7.13649
30.8 0.00167144 0.841422 0.150061 8.53558e-09 14.1874 1.09707 0.705874 27.968 0.0744666 0.0432678 0.147637 0.0151713 0 0.013178 5.83714e-05 82.608 19.5259 0 8.12512e-06 4.25127 0.612903 7.13642
30.9 0.00167144 0.841424 0.149929 8.53861e-09 14.1887 1.09694 0.705881 27.9645 0.0744608 0.0434778 0.148379 0.0151713 0 0.0132467 5.80915e-05 82.6003 19.5634 0 8.12843e-06 4.26357 0.612903 7.13634
31 0.00167144 0.841425 0.149797 8.54161e-09 14.1899 1.09682 0.705887 27.961 0.0744549 0.0436877 0.149121 0.0151713 0 0.0133156 5.7814e-05 82.5927 19.6009 0 8.13175e-06 4.27587 0.612903 7.13627
31.1 0.00167144 0.841426 0.149665 8.54459e-09 14.1911 1.0967 0.705894 27.9576 0.0744488 0.0438973 0.149863 0.0151713 0 0.0133845 5.75389e-05 82.585 19.6384 0 8.13508e-06 4.28817 0.612903 7.13619
31.2 0.00167144 0.841427 0.149531 8.54755e-09 14.1923 1.09658 0.7059 27.9542 0.0744426 0.0441068 0.150605 0.0151713 0 0.0134536 5.72663e-05 82.5773 19.6759 0 8.13841e-06 4.30047 0.612903 7.13611
31.3 0.00167144 0.841429 0.149398 8.55048e-09 14.1935 1.09646 0.705906 27.9509 0.0744363 0.044316 0.151347 0.0151713 0 0.0135229 5.69962e-05 82.5696 19.7134 0 8.14175e-06 4.31277 0.612903 7.13604
31.4 0.00167144 0.84143 0.149263 8.55339e-09 14.1947 1.09633 0.705913 27.9476 0.0744298 0.0445251 0.152089 0.0151713 0 0.0135923 5.67287e-05 82.5619 19.7509 0 8.1451e-06 4.32507 0.612903 7.13596
31.5 0.00167144 0.841431 0.149128 8.55628e-09 14.1959 1.09621 0.705919 27.9444 0.0744233 0.044734 0.152831 0.0151713 0 0.0136618 5.64636e-05 82.5543 19.7884 0 8.14845e-06 4.33737 0.612903 7.13589
31.6 0.00167144 0.841432 0.148993 8.55915e-09 14.1971 1.09609 0.705925 27.9413 0.0744166 0.0449427 0.153573 0.0151713 0 0.0137314 5.62011e-05 82.5466 19.8259 0 8.15181e-06 4.34966 0.612903 7.13581
31.7 0.00167144 0.841433 0.148857 8.56199e-09 14.1983 1.09597 0.705931 27.9382 0.0744098 0.0451512 0.154315 0.0151713 0 0.0138012 5.59411e-05 82.5389 19.8634 0 8.15517e-06 4.36196 0.612903 7.13573
31.8 0.00167144 0.841435 0.14872 8.56481e-09 14.1995 1.09585 0.705938 27.9351 0.0744029 0.0453595 0.155057 0.0151713 0 0.0138711 5.56836e-05 82.5312 19.9009 0 8.15854e-06 4.37426 0.612903 7.13566
31.9 0.00167144 0.841436 0.148583 8.56761e-09 14.2007 1.09573 0.705944 27.9321 0.0743959 0.0455677 0.155799 0.0151713 0 0.0139412 5.54287e-05 82.5235 19.9384 0 8.16192e-06 4.38655 0.612903 7.13558
32 0.00167144 0.841437 0.148446 8.57039e-09 14.2019 1.0956 0.70595 27.9292 0.0743889 0.0457756 0.156541 0.0151713 0 0.0140114 5.51764e-05 82.5158 19.9759 0 8.1653e-06 4.39885 0.612903 7.13551
32.1 0.00167144 0.841438 0.148307 8.57315e-09 14.2031 1.09548 0.705956 27.9262 0.0743817 0.0459833 0.157283 0.0151713 0 0.0140817 5.49267e-05 82.5081 20.0134 0 8.16869e-06 4.41115 0.612903 7.13543
32.2 0.00167144 0.841439 0.148168 8.57589e-09 14.2043 1.09536 0.705962 27.9233 0.0743745 0.0461909 0.158025 0.0151713 0 0.0141521 5.46796e-05 82.5004 20.0509 0 8.17208e-06 4.42344 0.612903 7.13535
32.3 0.00167144 0.84144 0.148029 8.57861e-09 14.2054 1.09524 0.705968 27.9205 0.0743672 0.0463982 0.158767 0.0151713 0 0.0142227 5.44351e-05 82.4927 20.0884 0 8.17549e-06 4.43574 0.612903 7.13528
32.4 0.00167144 0.841442 0.147889 8.58131e-09 14.2066 1.09512 0.705974 27.9177 0.0743599 0.0466054 0.159508 0.0151713 0 0.0142934 5.41932e-05 82.485 20.1259 0 8.17889e-06 4.44803 0.612903 7.1352
32.5 0.00167144 0.841443 0.147748 8.584e-09 14.2078 1.095 0.70598 27.9149 0.0743525 0.0468123 0.16025 0.0151713 0 0.0143643 5.3954e-05 82.4773 20.1634 0 8.18231e-06 4.46033 0.612903 7.13513
32.6 0.00167144 0.841444 0.147607 8.58667e-09 14.209 1.09488 0.705986 27.9121 0.0743451 0.0470191 0.160992 0.0151713 0 0.0144353 5.37173e-05 82.4696 20.2009 0 8.18573e-06 4.47262 0.612903 7.13505
32.7 0.00167021 0.841445 0.147466 8.58931e-09 14.2102 1.09476 0.705992 27.9094 0.0743375 0.0472256 0.161734 -0.00783156 0 0.0145064 5.34804e-05 82.4619 20.2384 0 8.18916e-06 4.48491 0.612903 7.13498
32.8 0.00167021 0.841446 0.147326 8.59193e-09 14.2114 1.09463 0.705998 27.9069 0.0743296 0.047432 0.162476 -0.00783156 0 0.0145776 5.32388e-05 82.4542 20.2759 0 8.19259e-06 4.49721 0.612903 7.1349
32.9 0.00167021 0.841447 0.147187 8.59453e-09 14.2126 1.09451 0.706004 27.9043 0.0743217 0.0476382 0.163218 -0.00783156 0 0.014649 5.29985e-05 82.4465 20.3134 0 8.19603e-06 4.5095 0.612903 7.13482
33 0.00167021 0.841448 0.147047 8.59712e-09 14.2138 1.09439 0.70601 27.9019 0.0743136 0.0478442 0.16396 -0.00783156 0 0.0147205 5.27593e-05 82.4388 20.3509 0 8.19948e-06 4.52179 0.612903 7.13475
33.1 0.00167021 0.841449 0.146906 8.59968e-09 14.215 1.09427 0.706016 27.8994 0.0743055 0.04805 0.164702 -0.00783156 0 0.0147922 5.25212e-05 82.431 20.3884 0 8.20293e-06 4.53409 0.612903 7.13467
33.2 0.00167021 0.84145 0.146766 8.60223e-09 14.2162 1.09415 0.706021 27.897 0.0742974 0.0482557 0.165444 -0.00783156 0 0.0148639 5.22841e-05 82.4233 20.4259 0 8.20639e-06 4.54638 0.612903 7.1346
33.3 0.00167021 0.841452 0.146625 8.60476e-09 14.2174 1.09403 0.706027 27.8946 0.0742891 0.0484611 0.166186 -0.00783156 0 0.0149358 5.2048e-05 82.4156 20.4634 0 8.20986e-06 4.55867 0.612903 7.13452
33.4 0.00167021 0.841453 0.146485 8.60728e-09 14.2186 1.09391 0.706033 27.8923 0.0742809 0.0486663 0.166928 -0.00783156 0 0.0150079 5.18129e-05 82.4079 20.5009 0 8.21333e-06 4.57096 0.612903 7.13445
33.5 0.00167021 0.841454 0.146344 8.60978e-09 14.2198 1.09379 0.706039 27.89 0.0742725 0.0488713 0.16767 -0.00783156 0 0.01508 5.15787e-05 82.4001 20.5384 0 8.21681e-06 4.58325 0.612903 7.13437
33.6 0.00167021 0.841455 0.146203 8.61226e-09 14.221 1.09367 0.706044 27.8877 0.0742641 0.0490762 0.168412 -0.00783156 0 0.0151523 5.13452e-05 82.3924 20.5759 0 8.22029e-06 4.59554 0.612903 7.13429
33.7 0.00167021 0.841456 0.146062 8.61473e-09 14.2221 1.09355 0.70605 27.8855 0.0742557 0.0492808 0.169154 -0.00783156 0 0.0152247 5.11126e-05 82.3847 20.6134 0 8.22379e-06 4.60783 0.612903 7.13422
33.8 0.00167021 0.841457 0.145922 8.61719e-09 14.2233 1.09343 0.706056 27.8833 0.0742472 0.0494852 0.169896 -0.00783156 0 0.0152973 5.08806e-05 82.3769 20.6509 0 8.22729e-06 4.62012 0.612903 7.13414
33.9 0.00167021 0.841458 0.145781 8.61963e-09 14.2245 1.09331 0.706061 27.8811 0.0742387 0.0496895 0.170638 -0.00783156 0 0.0153699 5.06493e-05 82.3692 20.6884 0 8.23079e-06 4.63241 0.612903 7.13407
34 0.00167021 0.841459 0.14564 8.62205e-09 14.2257 1.09318 0.706067 27.8789 0.0742301 0.0498935 0.17138 -0.00783156 0 0.0154427 5.04186e-05 82.3615 20.7259 0 8.2343e-06 4.6447 0.612903 7.13399
34.1 0.00167021 0.84146 0.145499 8.62446e-09 14.2269 1.09306 0.706072 27.8768 0.0742215 0.0500973 0.172122 -0.00783156 0 0.0155156 5.01884e-05 82.3537 20.7634 0 8.23782e-06 4.65699 0.612903 7.13392
34.2 0.00167021 0.841461 0.145358 8.62686e-09 14.2281 1.09294 0.706078 27.8747 0.0742129 0.050301 0.172864 -0.00783156 0 0.0155887 4.99588e-05 82.346 20.8009 0 8.24135e-06 4.66928 0.612903 7.13384
34.3 0.00167021 0.841462 0.145217 8.62925e-09 14.2293 1.09282 0.706083 27.8727 0.0742042 0.0505044 0.173606 -0.00783156 0 0.0156619 4.97295e-05 82.3382 20.8384 0 8.24488e-06 4.68157 0.612903 7.13377
34.4 0.00167021 0.841463 0.145076 8.63163e-09 14.2305 1.0927 0.706089 27.8706 0.0741956 0.0507076 0.174348 -0.00783156 0 0.0157352 4.95006e-05 82.3305 20.8759 0 8.24842e-06 4.69385 0.612903 7.13369
34.5 0.00167021 0.841464 0.144935 8.63399e-09 14.2317 1.09258 0.706094 27.8686 0.0741869 0.0509106 0.17509 -0.00783156 0 0.0158086 4.9272e-05 82.3227 20.9134 0 8.25197e-06 4.70614 0.612903 7.13361
34.6 0.00167021 0.841465 0.144795 8.63634e-09 14.2328 1.09246 0.7061 27.8666 0.0741782 0.0511134 0.175832 -0.00783156 0 0.0158821 4.90437e-05 82.315 20.9509 0 8.25552e-06 4.71843 0.612903 7.13354
34.7 0.00166842 0.841466 0.144653 8.63868e-09 14.234 1.09234 0.706105 27.8646 0.0741695 0.051316 0.176574 -0.000589906 0 0.0159558 4.88201e-05 82.3072 20.9884 0 8.25908e-06 4.73072 0.612903 7.13346
34.8 0.00166842 0.841467 0.144508 8.64101e-09 14.2352 1.09222 0.706111 27.8626 0.0741608 0.0515184 0.177316 -0.000589906 0 0.0160296 4.86076e-05 82.2995 21.0259 0 8.26265e-06 4.743 0.612903 7.13339
34.9 0.00166842 0.841468 0.144363 8.64332e-09 14.2364 1.0921 0.706116 27.8607 0.0741521 0.0517206 0.178058 -0.000589906 0 0.0161035 4.8397e-05 82.2917 21.0634 0 8.26623e-06 4.75529 0.612903 7.13331
35 0.00166842 0.841469 0.144218 8.64563e-09 14.2376 1.09198 0.706121 27.8588 0.0741433 0.0519225 0.1788 -0.000589906 0 0.0161775 4.81883e-05 82.2839 21.1009 0 8.26981e-06 4.76757 0.612903 7.13324
35.1 0.00166842 0.84147 0.144072 8.64791e-09 14.2388 1.09186 0.706127 27.8569 0.0741345 0.0521243 0.179542 -0.000589906 0 0.0162516 4.79816e-05 82.2762 21.1384 0 8.2734e-06 4.77986 0.612903 7.13316
35.2 0.00166842 0.841471 0.143925 8.65019e-09 14.2399 1.09174 0.706132 27.855 0.0741257 0.0523258 0.180284 -0.000589906 0 0.0163259 4.77768e-05 82.2684 21.1759 0 8.27699e-06 4.79214 0.612903 7.13309
35.3 0.00166842 0.841472 0.143779 8.65245e-09 14.2411 1.09162 0.706137 27.8531 0.0741169 0.0525271 0.181026 -0.000589906 0 0.0164003 4.7574e-05 82.2606 21.2134 0 8.2806e-06 4.80443 0.612903 7.13301
35.4 0.00166842 0.841473 0.143632 8.6547e-09 14.2423 1.0915 0.706143 27.8513 0.074108 0.0527283 0.181768 -0.000589906 0 0.0164748 4.73731e-05 82.2529 21.2509 0 8.28421e-06 4.81671 0.612903 7.13294
35.5 0.00166842 0.841474 0.143484 8.65693e-09 14.2435 1.09138 0.706148 27.8495 0.0740991 0.0529292 0.18251 -0.000589906 0 0.0165494 4.71741e-05 82.2451 21.2884 0 8.28782e-06 4.829 0.612903 7.13286
35.6 0.00166842 0.841475 0.143337 8.65915e-09 14.2447 1.09126 0.706153 27.8478 0.0740901 0.0531299 0.183251 -0.000589906 0 0.0166241 4.69771e-05 82.2373 21.3259 0 8.29145e-06 4.84128 0.612903 7.13279
35.7 0.00166842 0.841476 0.143188 8.66136e-09 14.2459 1.09114 0.706159 27.846 0.0740811 0.0533304 0.183993 -0.000589906 0 0.016699 4.6782e-05 82.2295 21.3634 0 8.29508e-06 4.85357 0.612903 7.13271
35.8 0.00166842 0.841477 0.14304 8.66356e-09 14.247 1.09102 0.706164 27.8443 0.0740721 0.0535307 0.184735 -0.000589906 0 0.016774 4.65888e-05 82.2217 21.4009 0 8.29871e-06 4.86585 0.612903 7.13264
35.9 0.00166842 0.841478 0.142891 8.66574e-09 14.2482 1.0909 0.706169 27.8426 0.0740631 0.0537308 0.185477 -0.000589906 0 0.0168492 4.63976e-05 82.2139 21.4384 0 8.30236e-06 4.87813 0.612903 7.13256
36 0.00166842 0.841479 0.142742 8.66791e-09 14.2494 1.09078 0.706174 27.841 0.074054 0.0539307 0.186219 -0.000589906 0 0.0169244 4.62083e-05 82.2062 21.4759 0 8.30601e-06 4.89041 0.612903 7.13249
36.1 0.00166842 0.84148 0.142592 8.67006e-09 14.2506 1.09066 0.706179 27.8393 0.0740449 0.0541304 0.186961 -0.000589906 0 0.0169998 4.6021e-05 82.1984 21.5134 0 8.30967e-06 4.9027 0.612903 7.13241
36.2 0.00166842 0.841481 0.142442 8.6722e-09 14.2517 1.09054 0.706184 27.8377 0.0740358 0.0543299 0.187703 -0.000589906 0 0.0170753 4.58355e-05 82.1906 21.5509 0 8.31333e-06 4.91498 0.612903 7.13233
36.3 0.00166842 0.841482 0.142292 8.67433e-09 14.2529 1.09042 0.70619 27.8361 0.0740266 0.0545292 0.188445 -0.000589906 0 0.0171509 4.56521e-05 82.1828 21.5884 0 8.317e-06 4.92726 0.612903 7.13226
36.4 0.00166842 0.841483 0.142141 8.67644e-09 14.2541 1.09031 0.706195 27.8346 0.0740175 0.0547282 0.189187 -0.000589906 0 0.0172266 4.54705e-05 82.175 21.6259 0 8.32068e-06 4.93954 0.612903 7.13218
36.5 0.00166842 0.841484 0.14199 8.67855e-09 14.2553 1.09019 0.7062 27.833 0.0740082 0.0549271 0.189929 -0.000589906 0 0.0173025 4.52909e-05 82.1672 21.6634 0 8.32437e-06 4.95182 0.612903 7.13211
36.6 0.00166842 0.841485 0.141838 8.68063e-09 14.2565 1.09007 0.706205 27.8315 0.073999 0.0551258 0.190671 -0.000589906 0 0.0173785 4.51132e-05 82.1594 21.7009 0 8.32806e-06 4.9641 0.612903 7.13203
36.7 0.0016669 0.841486 0.141687 8.68271e-09 14.2576 1.08995 0.70621 27.83 0.0739898 0.0553242 0.191413 0.000327004 0 0.0174546 4.49352e-05 82.1516 21.7384 0 8.33176e-06 4.97638 0.612903 7.13196
36.8 0.0016669 0.841487 0.141537 8.68479e-09 14.2588 1.08983 0.706215 27.8285 0.0739806 0.0555224 0.192155 0.000327004 0 0.0175308 4.47538e-05 82.1438 21.7759 0 8.33547e-06 4.98866 0.612903 7.13188
36.9 0.0016669 0.841488 0.141387 8.68686e-09 14.26 1.08971 0.70622 27.827 0.0739715 0.0557204 0.192897 0.000327004 0 0.0176071 4.45737e-05 82.136 21.8134 0 8.33919e-06 5.00094 0.612903 7.13181
37 0.0016669 0.841489 0.141236 8.68892e-09 14.2612 1.08959 0.706225 27.8255 0.0739624 0.0559182 0.193639 0.000327004 0 0.0176835 4.43948e-05 82.1282 21.8509 0 8.34291e-06 5.01322 0.612903 7.13173
37.1 0.0016669 0.84149 0.141086 8.69097e-09 14.2623 1.08947 0.70623 27.8241 0.0739532 0.0561158 0.194381 0.000327004 0 0.01776 4.42171e-05 82.1203 21.8884 0 8.34665e-06 5.0255 0.612903 7.13166
37.2 0.0016669 0.841491 0.140935 8.693e-09 14.2635 1.08935 0.706235 27.8226 0.073944 0.0563131 0.195123 0.000327004 0 0.0178367 4.40407e-05 82.1125 21.9259 0 8.35039e-06 5.03778 0.612903 7.13158
37.3 0.0016669 0.841492 0.140785 8.69502e-09 14.2647 1.08923 0.70624 27.8212 0.0739348 0.0565103 0.195865 0.000327004 0 0.0179134 4.38655e-05 82.1047 21.9634 0 8.35413e-06 5.05005 0.612903 7.13151
37.4 0.0016669 0.841493 0.140634 8.69703e-09 14.2659 1.08911 0.706245 27.8198 0.0739256 0.0567072 0.196607 0.000327004 0 0.0179903 4.36915e-05 82.0969 22.0009 0 8.35789e-06 5.06233 0.612903 7.13143
37.5 0.0016669 0.841494 0.140482 8.69903e-09 14.267 1.08899 0.706249 27.8184 0.0739164 0.056904 0.197349 0.000327004 0 0.0180673 4.35187e-05 82.0891 22.0384 0 8.36165e-06 5.07461 0.612903 7.13136
37.6 0.0016669 0.841495 0.140331 8.70102e-09 14.2682 1.08888 0.706254 27.817 0.0739072 0.0571005 0.198091 0.000327004 0 0.0181444 4.33472e-05 82.0812 22.0759 0 8.36542e-06 5.08689 0.612903 7.13128
37.7 0.0016669 0.841496 0.14018 8.703e-09 14.2694 1.08876 0.706259 27.8157 0.0738979 0.0572968 0.198833 0.000327004 0 0.0182217 4.3177e-05 82.0734 22.1134 0 8.36919e-06 5.09916 0.612903 7.13121
37.8 0.0016669 0.841496 0.140028 8.70496e-09 14.2705 1.08864 0.706264 27.8144 0.0738887 0.0574929 0.199575 0.000327004 0 0.018299 4.30079e-05 82.0656 22.1509 0 8.37298e-06 5.11144 0.612903 7.13114
37.9 0.0016669 0.841497 0.139877 8.70692e-09 14.2717 1.08852 0.706269 27.8131 0.0738794 0.0576888 0.200317 0.000327004 0 0.0183765 4.28402e-05 82.0578 22.1884 0 8.37677e-06 5.12371 0.612903 7.13106
38 0.0016669 0.841498 0.139725 8.70886e-09 14.2729 1.0884 0.706274 27.8118 0.0738701 0.0578845 0.201059 0.000327004 0 0.0184541 4.26736e-05 82.0499 22.2259 0 8.38057e-06 5.13599 0.612903 7.13099
38.1 0.0016669 0.841499 0.139573 8.71079e-09 14.2741 1.08828 0.706279 27.8105 0.0738608 0.05808 0.201801 0.000327004 0 0.0185318 4.25083e-05 82.0421 22.2634 0 8.38437e-06 5.14827 0.612903 7.13091
38.2 0.0016669 0.8415 0.13942 8.71271e-09 14.2752 1.08816 0.706283 27.8092 0.0738515 0.0582753 0.202543 0.000327004 0 0.0186096 4.23442e-05 82.0342 22.3008 0 8.38818e-06 5.16054 0.612903 7.13084
38.3 0.0016669 0.841501 0.139268 8.71461e-09 14.2764 1.08804 0.706288 27.808 0.0738422 0.0584703 0.203285 0.000327004 0 0.0186876 4.21813e-05 82.0264 22.3383 0 8.392e-06 5.17281 0.612903 7.13076
38.4 0.0016669 0.841502 0.139115 8.71651e-09 14.2776 1.08793 0.706293 27.8068 0.0738329 0.0586652 0.204027 0.000327004 0 0.0187657 4.20197e-05 82.0186 22.3758 0 8.39583e-06 5.18509 0.612903 7.13069
38.5 0.0016669 0.841503 0.138963 8.71839e-09 14.2787 1.08781 0.706298 27.8056 0.0738235 0.0588598 0.204769 0.000327004 0 0.0188438 4.18593e-05 82.0107 22.4133 0 8.39967e-06 5.19736 0.612903 7.13061
38.6 0.0016669 0.841504 0.13881 8.72027e-09 14.2799 1.08769 0.706302 27.8045 0.0738141 0.0590542 0.205511 0.000327004 0 0.0189221 4.17002e-05 82.0029 22.4508 0 8.40351e-06 5.20964 0.612903 7.13054
38.7 0.0016655 0.841505 0.138657 8.72213e-09 14.2811 1.08757 0.706307 27.8033 0.0738048 0.0592484 0.206253 0.000672539 0 0.0190006 4.15415e-05 81.995 22.4883 0 8.40736e-06 5.22191 0.612903 7.13046
38.8 0.0016655 0.841505 0.138505 8.724e-09 14.2822 1.08745 0.706312 27.8021 0.0737956 0.0594424 0.206994 0.000672539 0 0.019079 4.13822e-05 81.9872 22.5258 0 8.41122e-06 5.23418 0.612903 7.13039
38.9 0.0016655 0.841506 0.138353 8.72586e-09 14.2834 1.08733 0.706316 27.8009 0.0737864 0.0596362 0.207736 0.000672539 0 0.0191576 4.12239e-05 81.9793 22.5633 0 8.41509e-06 5.24646 0.612903 7.13031
39 0.0016655 0.841507 0.1382 8.72771e-09 14.2846 1.08722 0.706321 27.7998 0.0737771 0.0598297 0.208478 0.000672539 0 0.0192363 4.10665e-05 81.9714 22.6008 0 8.41897e-06 5.25873 0.612903 7.13024
39.1 0.0016655 0.841508 0.138048 8.72954e-09 14.2857 1.0871 0.706326 27.7986 0.0737679 0.0600231 0.20922 0.000672539 0 0.0193152 4.09102e-05 81.9636 22.6383 0 8.42285e-06 5.271 0.612903 7.13016
39.2 0.0016655 0.841509 0.137895 8.73137e-09 14.2869 1.08698 0.70633 27.7975 0.0737587 0.0602162 0.209962 0.000672539 0 0.0193941 4.07549e-05 81.9557 22.6758 0 8.42674e-06 5.28327 0.612903 7.13009
39.3 0.0016655 0.84151 0.137743 8.73319e-09 14.2881 1.08686 0.706335 27.7964 0.0737495 0.0604091 0.210704 0.000672539 0 0.0194731 4.06005e-05 81.9478 22.7133 0 8.43064e-06 5.29554 0.612903 7.13001
39.4 0.0016655 0.841511 0.13759 8.735e-09 14.2892 1.08674 0.70634 27.7953 0.0737403 0.0606019 0.211446 0.000672539 0 0.0195523 4.04472e-05 81.94 22.7508 0 8.43455e-06 5.30781 0.612903 7.12994
39.5 0.0016655 0.841512 0.137437 8.7368e-09 14.2904 1.08662 0.706344 27.7942 0.073731 0.0607943 0.212188 0.000672539 0 0.0196316 4.02948e-05 81.9321 22.7883 0 8.43847e-06 5.32008 0.612903 7.12986
39.6 0.0016655 0.841513 0.137285 8.73859e-09 14.2916 1.08651 0.706349 27.7932 0.0737218 0.0609866 0.21293 0.000672539 0 0.019711 4.01434e-05 81.9242 22.8258 0 8.44239e-06 5.33235 0.612903 7.12979
39.7 0.0016655 0.841513 0.137132 8.74037e-09 14.2927 1.08639 0.706353 27.7921 0.0737126 0.0611787 0.213672 0.000672539 0 0.0197905 3.99931e-05 81.9164 22.8633 0 8.44632e-06 5.34462 0.612903 7.12972
39.8 0.0016655 0.841514 0.136979 8.74214e-09 14.2939 1.08627 0.706358 27.7911 0.0737034 0.0613706 0.214414 0.000672539 0 0.0198701 3.98437e-05 81.9085 22.9008 0 8.45026e-06 5.35689 0.612903 7.12964
39.9 0.0016655 0.841515 0.136826 8.7439e-09 14.2951 1.08615 0.706362 27.7901 0.0736942 0.0615622 0.215156 0.000672539 0 0.0199498 3.96953e-05 81.9006 22.9383 0 8.45421e-06 5.36916 0.612903 7.12957

