Time(min) prod sp3 fsc2 qsc2 fum Bypass qh psi fc1 ROS_c2 ROS_c3 fc2 [Ca²⁺]μM
0.02 2.81509 0.00819843 4.55825e-05 0.199872 4.1763 0 0.00158342 168.875 0 0.201668 0.000162243 1.47746 0
0.04 2.59451 0.00784334 4.20307e-05 0.199878 3.76192 0 0.00143219 167.063 0 0.398121 0.000318965 1.36241 0
0.06 2.39723 0.00755972 3.88586e-05 0.199885 3.39185 0 0.00130232 165.31 0 0.579503 0.000441381 1.25967 0
0.08 2.22115 0.00732879 3.60259e-05 0.199892 3.06136 0 0.00119027 163.622 0 0.747424 0.000538128 1.16791 0
0.1 2.06401 0.00713681 3.3496e-05 0.199898 2.76621 0 0.00109317 162 0 0.903324 0.000615524 1.08597 0
0.12 1.9238 0.00697388 3.12373e-05 0.199904 2.50269 0 0.00100871 160.447 0 1.04847 0.000678188 1.0128 0
0.14 1.79867 0.00683315 2.92206e-05 0.19991 2.2674 0 0.000934989 158.965 0 1.18401 0.000729572 0.947469 0
0.16 1.687 0.00670933 2.74195e-05 0.199915 2.05726 0 0.000870438 157.554 0 1.31099 0.000772261 0.889125 0
0.18 1.58732 0.00659887 2.58109e-05 0.19992 1.86958 0 0.000813765 156.214 0 1.43034 0.000808175 0.837016 0
0.2 1.49835 0.00649915 2.43745e-05 0.199924 1.70198 0 0.000763909 154.947 0 1.54286 0.000838754 0.790481 0
0.22 1.41892 0.00640836 2.30915e-05 0.199928 1.55229 0 0.000719957 153.752 0 1.64928 0.00086511 0.748916 0
0.24 1.34799 0.00632509 2.19453e-05 0.199931 1.41856 0 0.000681134 152.627 0 1.75028 0.000888095 0.711784 0
0.26 1.28465 0.0062484 2.09213e-05 0.199934 1.29909 0 0.000646795 151.573 0 1.84643 0.000908361 0.67861 0
0.28 1.22811 0.00617757 2.00068e-05 0.199937 1.19239 0 0.000616393 150.588 0 1.93823 0.000926408 0.648984 0
0.3 1.17763 0.00611206 1.91901e-05 0.19994 1.0971 0 0.000589449 149.67 0 2.02616 0.000942639 0.622525 0
0.32 1.13257 0.00605146 1.84608e-05 0.199942 1.01201 0 0.000565547 148.818 0 2.11062 0.000957372 0.598896 0
0.34 1.09234 0.00599541 1.78094e-05 0.199944 0.93601 0 0.000544325 148.028 0 2.19198 0.00097086 0.577794 0
0.36 1.05642 0.00594363 1.72278e-05 0.199946 0.868146 0 0.000525472 147.298 0 2.27058 0.000983307 0.55895 0
0.38 1.02435 0.00589586 1.67083e-05 0.199948 0.807533 0 0.00050871 146.626 0 2.34671 0.00099488 0.542119 0
0.4 0.995719 0.00585185 1.62443e-05 0.199949 0.753403 0 0.0004938 146.008 0 2.42063 0.00100571 0.527088 0
0.42 0.970154 0.0058114 1.583e-05 0.19995 0.705061 0 0.000480531 145.441 0 2.49259 0.00101592 0.513665 0
0.44 0.947326 0.00577427 1.546e-05 0.199952 0.661888 0 0.000468718 144.922 0 2.56279 0.00102558 0.501677 0
0.46 0.926943 0.00574027 1.51296e-05 0.199953 0.623333 0 0.000458197 144.449 0 2.63142 0.00103479 0.49097 0
0.48 0.908743 0.0057092 1.48345e-05 0.199954 0.5889 0 0.000448825 144.017 0 2.69864 0.0010436 0.481409 0
0.5 0.892492 0.00568084 1.45709e-05 0.199955 0.55815 0 0.000440472 143.624 0 2.76462 0.00105206 0.47287 0
0.52 0.877981 0.00565502 1.43355e-05 0.199955 0.530688 0 0.000433027 143.268 0 2.82947 0.00106023 0.465245 0
0.54 0.865023 0.00563154 1.41254e-05 0.199956 0.506165 0 0.00042639 142.944 0 2.89333 0.00106814 0.458435 0
0.56 0.853452 0.00561023 1.39376e-05 0.199957 0.484262 0 0.00042047 142.652 0 2.9563 0.00107582 0.452353 0
0.58 0.843119 0.00559091 1.377e-05 0.199957 0.464702 0 0.000415191 142.387 0 3.01847 0.00108331 0.446922 0
0.6 0.833892 0.00557343 1.36203e-05 0.199958 0.447233 0 0.000410482 142.148 0 3.07992 0.00109062 0.442071 0
0.62 0.825653 0.00555762 1.34866e-05 0.199958 0.431632 0 0.000406281 141.932 0 3.14075 0.00109778 0.437739 0
0.64 0.818295 0.00554334 1.33672e-05 0.199959 0.4177 0 0.000402533 141.737 0 3.201 0.00110481 0.43387 0
0.66 0.811724 0.00553047 1.32605e-05 0.199959 0.405258 0 0.000399189 141.562 0 3.26075 0.00111172 0.430415 0
0.68 0.805856 0.00551887 1.31653e-05 0.19996 0.394146 0 0.000396204 141.405 0 3.32004 0.00111852 0.427329 0
0.7 0.800616 0.00550842 1.30802e-05 0.19996 0.384222 0 0.00039354 141.263 0 3.37893 0.00112524 0.424574 0
0.72 0.795937 0.00549902 1.30043e-05 0.19996 0.37536 0 0.000391162 141.136 0 3.43747 0.00113187 0.422113 0
0.74 0.791758 0.00549058 1.29364e-05 0.19996 0.367445 0 0.00038904 141.021 0 3.49567 0.00113843 0.419915 0
0.76 0.788026 0.00548299 1.28759e-05 0.199961 0.360377 0 0.000387146 140.919 0 3.55359 0.00114493 0.417952 0
0.78 0.784694 0.00547617 1.28218e-05 0.199961 0.354064 0 0.000385455 140.827 0 3.61126 0.00115137 0.416199 0
0.8 0.781718 0.00547006 1.27734e-05 0.199961 0.348427 0 0.000383945 140.744 0 3.66869 0.00115776 0.414634 0
0.82 0.77906 0.00546458 1.27303e-05 0.199961 0.343393 0 0.000382597 140.67 0 3.72592 0.0011641 0.413236 0
0.84 0.776686 0.00545966 1.26918e-05 0.199961 0.338897 0 0.000381394 140.604 0 3.78296 0.00117041 0.411988 0
0.86 0.774567 0.00545526 1.26573e-05 0.199962 0.334881 0 0.00038032 140.545 0 3.83985 0.00117668 0.410873 0
0.88 0.772674 0.00545131 1.26266e-05 0.199962 0.331295 0 0.00037936 140.492 0 3.89658 0.00118292 0.409877 0
0.9 0.770983 0.00544778 1.25992e-05 0.199962 0.328093 0 0.000378504 140.444 0 3.95319 0.00118913 0.408988 0
0.92 0.769473 0.00544462 1.25747e-05 0.199962 0.325233 0 0.000377739 140.401 0 4.00968 0.00119532 0.408193 0
0.94 0.768125 0.00544179 1.25528e-05 0.199962 0.322679 0 0.000377056 140.363 0 4.06606 0.00120148 0.407484 0
0.96 0.766921 0.00543925 1.25332e-05 0.199962 0.320398 0 0.000376446 140.329 0 4.12235 0.00120763 0.406851 0
0.98 0.765846 0.00543699 1.25158e-05 0.199962 0.318361 0 0.000375902 140.299 0 4.17856 0.00121376 0.406285 0
1 0.764886 0.00543496 1.25002e-05 0.199962 0.316541 0 0.000375416 140.272 0 4.2347 0.00121987 0.40578 0
1.02 0.764028 0.00543314 1.24862e-05 0.199962 0.314917 0 0.000374982 140.247 0 4.29077 0.00122597 0.405329 0
1.04 0.763262 0.00543152 1.24738e-05 0.199962 0.313466 0 0.000374594 140.226 0 4.34678 0.00123205 0.404926 0
1.06 0.762578 0.00543007 1.24627e-05 0.199962 0.31217 0 0.000374248 140.206 0 4.40273 0.00123813 0.404566 0
1.08 0.761967 0.00542878 1.24528e-05 0.199963 0.311013 0 0.000373939 140.189 0 4.45864 0.00124419 0.404245 0
1.1 0.761422 0.00542762 1.24439e-05 0.199963 0.309979 0 0.000373663 140.173 0 4.51451 0.00125025 0.403958 0
1.12 0.760935 0.00542658 1.2436e-05 0.199963 0.309056 0 0.000373416 140.159 0 4.57034 0.0012563 0.403701 0
1.14 0.7605 0.00542566 1.24289e-05 0.199963 0.308232 0 0.000373196 140.147 0 4.62614 0.00126234 0.403472 0
1.16 0.760111 0.00542483 1.24226e-05 0.199963 0.307496 0 0.000372999 140.136 0 4.68191 0.00126838 0.403268 0
1.18 0.759764 0.00542409 1.2417e-05 0.199963 0.306839 0 0.000372824 140.126 0 4.73765 0.00127441 0.403086 0
1.2 0.759454 0.00542343 1.2412e-05 0.199963 0.306252 0 0.000372667 140.117 0 4.79336 0.00128043 0.402923 0
1.22 0.759178 0.00542284 1.24075e-05 0.199963 0.305727 0 0.000372527 140.109 0 4.84906 0.00128645 0.402777 0
1.24 0.75893 0.00542232 1.24035e-05 0.199963 0.305259 0 0.000372402 140.102 0 4.90473 0.00129247 0.402647 0
1.26 0.75871 0.00542185 1.23999e-05 0.199963 0.304841 0 0.00037229 140.096 0 4.96039 0.00129848 0.402531 0
1.28 0.758513 0.00542143 1.23967e-05 0.199963 0.304467 0 0.00037219 140.09 0 5.01603 0.00130449 0.402427 0
1.3 0.758337 0.00542105 1.23938e-05 0.199963 0.304134 0 0.000372101 140.085 0 5.07166 0.0013105 0.402334 0
1.32 0.758179 0.00542071 1.23913e-05 0.199963 0.303836 0 0.000372022 140.08 0 5.12728 0.0013165 0.402252 0
1.34 0.758039 0.00542041 1.2389e-05 0.199963 0.30357 0 0.000371951 140.076 0 5.18289 0.0013225 0.402178 0
1.36 0.757914 0.00542015 1.2387e-05 0.199963 0.303333 0 0.000371887 140.073 0 5.23848 0.0013285 0.402112 0
1.38 0.757802 0.00541991 1.23851e-05 0.199963 0.30312 0 0.000371831 140.07 0 5.29407 0.0013345 0.402053 0
1.4 0.757702 0.00541969 1.23835e-05 0.199963 0.302931 0 0.00037178 140.067 0 5.34965 0.0013405 0.402 0
1.42 0.757612 0.0054195 1.23821e-05 0.199963 0.302762 0 0.000371735 140.064 0 5.40523 0.00134649 0.401953 0
1.44 0.757533 0.00541933 1.23808e-05 0.199963 0.302611 0 0.000371695 140.062 0 5.4608 0.00135248 0.401911 0
1.46 0.757461 0.00541918 1.23796e-05 0.199963 0.302476 0 0.000371659 140.06 0 5.51636 0.00135848 0.401874 0
1.48 0.757398 0.00541904 1.23786e-05 0.199963 0.302355 0 0.000371626 140.058 0 5.57192 0.00136447 0.401841 0
1.5 0.757341 0.00541892 1.23777e-05 0.199963 0.302247 0 0.000371598 140.056 0 5.62747 0.00137046 0.401811 0
1.52 0.75729 0.00541881 1.23768e-05 0.199963 0.302151 0 0.000371572 140.055 0 5.68302 0.00137645 0.401784 0
1.54 0.757245 0.00541872 1.23761e-05 0.199963 0.302066 0 0.000371549 140.054 0 5.73856 0.00138244 0.40176 0
1.56 0.757204 0.00541863 1.23754e-05 0.199963 0.301989 0 0.000371529 140.053 0 5.79411 0.00138843 0.401739 0
1.58 0.757168 0.00541855 1.23749e-05 0.199963 0.30192 0 0.00037151 140.052 0 5.84964 0.00139441 0.40172 0
1.6 0.757136 0.00541849 1.23743e-05 0.199963 0.301859 0 0.000371494 140.051 0 5.90518 0.0014004 0.401703 0
1.62 0.757107 0.00541842 1.23739e-05 0.199963 0.301805 0 0.000371479 140.05 0 5.96072 0.00140639 0.401688 0
1.64 0.757081 0.00541837 1.23734e-05 0.199963 0.301756 0 0.000371466 140.049 0 6.01625 0.00141238 0.401674 0
1.66 0.757059 0.00541832 1.23731e-05 0.199963 0.301712 0 0.000371455 140.048 0 6.07178 0.00141836 0.401662 0
1.68 0.757038 0.00541828 1.23727e-05 0.199963 0.301673 0 0.000371444 140.048 0 6.12731 0.00142435 0.401651 0
1.7 0.75702 0.00541824 1.23724e-05 0.199963 0.301639 0 0.000371435 140.047 0 6.18284 0.00143033 0.401642 0
1.72 0.757003 0.0054182 1.23722e-05 0.199963 0.301608 0 0.000371427 140.047 0 6.23837 0.00143632 0.401633 0
1.74 0.756989 0.00541817 1.23719e-05 0.199963 0.30158 0 0.000371419 140.046 0 6.29389 0.0014423 0.401625 0
1.76 0.756976 0.00541814 1.23717e-05 0.199963 0.301555 0 0.000371413 140.046 0 6.34942 0.00144829 0.401618 0
1.78 0.756964 0.00541812 1.23715e-05 0.199963 0.301533 0 0.000371407 140.046 0 6.40494 0.00145427 0.401612 0
1.8 0.756954 0.00541809 1.23714e-05 0.199963 0.301513 0 0.000371402 140.045 0 6.46046 0.00146026 0.401607 0
1.82 0.756944 0.00541807 1.23712e-05 0.199963 0.301496 0 0.000371397 140.045 0 6.51599 0.00146624 0.401602 0
1.84 0.756936 0.00541806 1.23711e-05 0.199963 0.30148 0 0.000371393 140.045 0 6.57151 0.00147223 0.401598 0
1.86 0.756929 0.00541804 1.2371e-05 0.199963 0.301466 0 0.000371389 140.045 0 6.62703 0.00147821 0.401594 0
1.88 0.756922 0.00541803 1.23709e-05 0.199963 0.301453 0 0.000371386 140.044 0 6.68255 0.00148419 0.40159 0
1.9 0.756916 0.00541801 1.23708e-05 0.199963 0.301442 0 0.000371383 140.044 0 6.73807 0.00149018 0.401587 0
1.92 0.756911 0.005418 1.23707e-05 0.199963 0.301432 0 0.00037138 140.044 0 6.79359 0.00149616 0.401584 0
1.94 0.756906 0.00541799 1.23706e-05 0.199963 0.301423 0 0.000371378 140.044 0 6.84911 0.00150215 0.401582 0
1.96 0.756902 0.00541798 1.23705e-05 0.199963 0.301415 0 0.000371376 140.044 0 6.90463 0.00150813 0.40158 0
1.98 0.756898 0.00541798 1.23705e-05 0.199963 0.301408 0 0.000371374 140.044 0 6.96015 0.00151411 0.401578 0
2 0.756895 0.00541797 1.23704e-05 0.199963 0.301402 0 0.000371372 140.044 0 7.01566 0.0015201 0.401576 0
2.02 0.756892 0.00541796 1.23704e-05 0.199963 0.301396 0 0.00037137 140.044 0 7.07118 0.00152608 0.401574 0
2.04 0.756889 0.00541796 1.23703e-05 0.199963 0.301391 0 0.000371369 140.044 0 7.1267 0.00153206 0.401573 0
2.06 0.756887 0.00541795 1.23703e-05 0.199963 0.301387 0 0.000371368 140.043 0 7.18222 0.00153805 0.401572 0
2.08 0.756884 0.00541795 1.23702e-05 0.199963 0.301382 0 0.000371367 140.043 0 7.23774 0.00154403 0.40157 0
2.1 0.756883 0.00541794 1.23702e-05 0.199963 0.301379 0 0.000371366 140.043 0 7.29325 0.00155001 0.401569 0
2.12 0.756881 0.00541794 1.23702e-05 0.199963 0.301376 0 0.000371365 140.043 0 7.34877 0.001556 0.401569 0
2.14 0.756879 0.00541794 1.23702e-05 0.199963 0.301373 0 0.000371364 140.043 0 7.40429 0.00156198 0.401568 0
2.16 0.756878 0.00541793 1.23701e-05 0.199963 0.30137 0 0.000371363 140.043 0 7.45981 0.00156796 0.401567 0
2.18 0.756877 0.00541793 1.23701e-05 0.199963 0.301368 0 0.000371363 140.043 0 7.51532 0.00157395 0.401566 0
2.2 0.756876 0.00541793 1.23701e-05 0.199963 0.301366 0 0.000371362 140.043 0 7.57084 0.00157993 0.401566 0
2.22 0.756875 0.00541793 1.23701e-05 0.199963 0.301364 0 0.000371362 140.043 0 7.62636 0.00158591 0.401565 0
2.24 0.756874 0.00541792 1.23701e-05 0.199963 0.301362 0 0.000371361 140.043 0 7.68187 0.0015919 0.401565 0
2.26 0.756873 0.00541792 1.23701e-05 0.199963 0.301361 0 0.000371361 140.043 0 7.73739 0.00159788 0.401564 0
2.28 0.756872 0.00541792 1.237e-05 0.199963 0.30136 0 0.000371361 140.043 0 7.79291 0.00160386 0.401564 0
2.3 0.756872 0.00541792 1.237e-05 0.199963 0.301358 0 0.00037136 140.043 0 7.84842 0.00160985 0.401564 0
2.32 0.756871 0.00541792 1.237e-05 0.199963 0.301357 0 0.00037136 140.043 0 7.90394 0.00161583 0.401563 0
2.34 0.756871 0.00541792 1.237e-05 0.199963 0.301356 0 0.00037136 140.043 0 7.95946 0.00162181 0.401563 0
2.36 0.75687 0.00541792 1.237e-05 0.199963 0.301356 0 0.00037136 140.043 0 8.01497 0.0016278 0.401563 0
2.38 0.75687 0.00541792 1.237e-05 0.199963 0.301355 0 0.000371359 140.043 0 8.07049 0.00163378 0.401563 0
2.4 0.756869 0.00541791 1.237e-05 0.199963 0.301354 0 0.000371359 140.043 0 8.12601 0.00163976 0.401563 0
2.42 0.756869 0.00541791 1.237e-05 0.199963 0.301354 0 0.000371359 140.043 0 8.18152 0.00164575 0.401562 0
2.44 0.756869 0.00541791 1.237e-05 0.199963 0.301353 0 0.000371359 140.043 0 8.23704 0.00165173 0.401562 0
2.46 0.756869 0.00541791 1.237e-05 0.199963 0.301353 0 0.000371359 140.043 0 8.29256 0.00165771 0.401562 0
2.48 0.756868 0.00541791 1.237e-05 0.199963 0.301352 0 0.000371359 140.043 0 8.34807 0.0016637 0.401562 0
2.5 0.756868 0.00541791 1.237e-05 0.199963 0.301352 0 0.000371359 140.043 0 8.40359 0.00166968 0.401562 0
2.52 0.756868 0.00541791 1.237e-05 0.199963 0.301351 0 0.000371358 140.043 0 8.45911 0.00167566 0.401562 0
2.54 0.756868 0.00541791 1.237e-05 0.199963 0.301351 0 0.000371358 140.043 0 8.51462 0.00168164 0.401562 0
2.56 0.756868 0.00541791 1.237e-05 0.199963 0.301351 0 0.000371358 140.043 0 8.57014 0.00168763 0.401562 0
2.58 0.756868 0.00541791 1.237e-05 0.199963 0.301351 0 0.000371358 140.043 0 8.62566 0.00169361 0.401562 0
2.6 0.756868 0.00541791 1.237e-05 0.199963 0.30135 0 0.000371358 140.043 0 8.68117 0.00169959 0.401562 0
2.62 0.756867 0.00541791 1.237e-05 0.199963 0.30135 0 0.000371358 140.043 0 8.73669 0.00170558 0.401562 0
2.64 0.756867 0.00541791 1.237e-05 0.199963 0.30135 0 0.000371358 140.043 0 8.79221 0.00171156 0.401561 0
2.66 0.756867 0.00541791 1.237e-05 0.199963 0.30135 0 0.000371358 140.043 0 8.84772 0.00171754 0.401561 0
2.68 0.756867 0.00541791 1.237e-05 0.199963 0.30135 0 0.000371358 140.043 0 8.90324 0.00172353 0.401561 0
2.7 0.756867 0.00541791 1.237e-05 0.199963 0.30135 0 0.000371358 140.043 0 8.95875 0.00172951 0.401561 0
2.72 0.756867 0.00541791 1.237e-05 0.199963 0.30135 0 0.000371358 140.043 0 9.01427 0.00173549 0.401561 0
2.74 0.756867 0.00541791 1.237e-05 0.199963 0.301349 0 0.000371358 140.043 0 9.06979 0.00174148 0.401561 0
2.76 0.756867 0.00541791 1.237e-05 0.199963 0.301349 0 0.000371358 140.043 0 9.1253 0.00174746 0.401561 0
2.78 0.756867 0.00541791 1.237e-05 0.199963 0.301349 0 0.000371358 140.043 0 9.18082 0.00175344 0.401561 0
2.8 0.756867 0.00541791 1.237e-05 0.199963 0.301349 0 0.000371358 140.043 0 9.23634 0.00175943 0.401561 0
2.82 0.756867 0.00541791 1.237e-05 0.199963 0.301349 0 0.000371358 140.043 0 9.29185 0.00176541 0.401561 0
2.84 0.756867 0.00541791 1.237e-05 0.199963 0.301349 0 0.000371358 140.043 0 9.34737 0.00177139 0.401561 0
2.86 0.756867 0.00541791 1.237e-05 0.199963 0.301349 0 0.000371358 140.043 0 9.40289 0.00177737 0.401561 0
2.88 0.756867 0.00541791 1.237e-05 0.199963 0.301349 0 0.000371358 140.043 0 9.4584 0.00178336 0.401561 0
2.9 0.756867 0.00541791 1.237e-05 0.199963 0.301349 0 0.000371358 140.043 0 9.51392 0.00178934 0.401561 0
2.92 0.756867 0.00541791 1.237e-05 0.199963 0.301349 0 0.000371358 140.043 0 9.56944 0.00179532 0.401561 0
2.94 0.756867 0.00541791 1.237e-05 0.199963 0.301349 0 0.000371358 140.043 0 9.62495 0.00180131 0.401561 0
2.96 0.756867 0.00541791 1.237e-05 0.199963 0.301349 0 0.000371358 140.043 0 9.68047 0.00180729 0.401561 0
2.98 0.756867 0.00541791 1.237e-05 0.199963 0.301349 0 0.000371358 140.043 0 9.73598 0.00181327 0.401561 0
3 0.756867 0.00541791 1.237e-05 0.199963 0.301349 0 0.000371358 140.043 0 9.7915 0.00181926 0.401561 0
3.02 0.756867 0.00541791 1.237e-05 0.199963 0.301349 0 0.000371358 140.043 0 9.84702 0.00182524 0.401561 0
3.04 0.756867 0.00541791 1.237e-05 0.199963 0.301349 0 0.000371358 140.043 0 9.90253 0.00183122 0.401561 0
3.06 0.756867 0.00541791 1.237e-05 0.199963 0.301349 0 0.000371358 140.043 0 9.95805 0.00183721 0.401561 0
3.08 0.756867 0.00541791 1.237e-05 0.199963 0.301349 0 0.000371358 140.043 0 10.0136 0.00184319 0.401561 0
3.1 0.756867 0.00541791 1.237e-05 0.199963 0.301349 0 0.000371358 140.043 0 10.0691 0.00184917 0.401561 0
3.12 0.756867 0.00541791 1.237e-05 0.199963 0.301349 0 0.000371358 140.043 0 10.1246 0.00185515 0.401561 0
3.14 0.756867 0.00541791 1.237e-05 0.199963 0.301349 0 0.000371358 140.043 0 10.1801 0.00186114 0.401561 0
3.16 0.756867 0.00541791 1.237e-05 0.199963 0.301349 0 0.000371358 140.043 0 10.2356 0.00186712 0.401561 0
3.18 0.756867 0.00541791 1.237e-05 0.199963 0.301349 0 0.000371358 140.043 0 10.2911 0.0018731 0.401561 0
3.2 0.756867 0.00541791 1.237e-05 0.199963 0.301349 0 0.000371358 140.043 0 10.3467 0.00187909 0.401561 0
3.22 0.756867 0.00541791 1.237e-05 0.199963 0.301349 0 0.000371358 140.043 0 10.4022 0.00188507 0.401561 0
3.24 0.756867 0.00541791 1.237e-05 0.199963 0.301349 0 0.000371358 140.043 0 10.4577 0.00189105 0.401561 0
3.26 0.756867 0.00541791 1.237e-05 0.199963 0.301349 0 0.000371358 140.043 0 10.5132 0.00189704 0.401561 0
3.28 0.756867 0.00541791 1.237e-05 0.199963 0.301349 0 0.000371358 140.043 0 10.5687 0.00190302 0.401561 0
3.3 0.756867 0.00541791 1.237e-05 0.199963 0.301349 0 0.000371358 140.043 0 10.6242 0.001909 0.401561 0
3.32 0.756867 0.00541791 1.237e-05 0.199963 0.301349 0 0.000371358 140.043 0 10.6798 0.00191499 0.401561 0
3.34 0.756867 0.00541791 1.237e-05 0.199963 0.301349 0 0.000371358 140.043 0 10.7353 0.00192097 0.401561 0
3.36 0.756867 0.00541791 1.237e-05 0.199963 0.301349 0 0.000371358 140.043 0 10.7908 0.00192695 0.401561 0
3.38 0.756867 0.00541791 1.237e-05 0.199963 0.301349 0 0.000371358 140.043 0 10.8463 0.00193294 0.401561 0
3.4 0.756867 0.00541791 1.237e-05 0.199963 0.301349 0 0.000371358 140.043 0 10.9018 0.00193892 0.401561 0
3.42 0.756867 0.00541791 1.237e-05 0.199963 0.301349 0 0.000371358 140.043 0 10.9573 0.0019449 0.401561 0
3.44 0.756867 0.00541791 1.237e-05 0.199963 0.301349 0 0.000371358 140.043 0 11.0129 0.00195088 0.401561 0
3.46 0.756867 0.00541791 1.237e-05 0.199963 0.301349 0 0.000371358 140.043 0 11.0684 0.00195687 0.401561 0
3.48 0.756867 0.00541791 1.237e-05 0.199963 0.301349 0 0.000371358 140.043 0 11.1239 0.00196285 0.401561 0
3.5 0.756867 0.00541791 1.237e-05 0.199963 0.301349 0 0.000371358 140.043 0 11.1794 0.00196883 0.401561 0
3.52 0.756867 0.00541791 1.237e-05 0.199963 0.301349 0 0.000371358 140.043 0 11.2349 0.00197482 0.401561 0
3.54 0.756867 0.00541791 1.237e-05 0.199963 0.301349 0 0.000371358 140.043 0 11.2904 0.0019808 0.401561 0
3.56 0.756867 0.00541791 1.237e-05 0.199963 0.301349 0 0.000371358 140.043 0 11.346 0.00198678 0.401561 0
3.58 0.756867 0.00541791 1.237e-05 0.199963 0.301349 0 0.000371358 140.043 0 11.4015 0.00199277 0.401561 0
3.6 0.756867 0.00541791 1.237e-05 0.199963 0.301349 0 0.000371358 140.043 0 11.457 0.00199875 0.401561 0
3.62 0.756867 0.00541791 1.237e-05 0.199963 0.301349 0 0.000371358 140.043 0 11.5125 0.00200473 0.401561 0
3.64 0.756867 0.00541791 1.237e-05 0.199963 0.301349 0 0.000371358 140.043 0 11.568 0.00201072 0.401561 0
3.66 0.756867 0.00541791 1.237e-05 0.199963 0.301349 0 0.000371358 140.043 0 11.6235 0.0020167 0.401561 0
3.68 0.756867 0.00541791 1.237e-05 0.199963 0.301349 0 0.000371358 140.043 0 11.6791 0.00202268 0.401561 0
3.7 0.756867 0.00541791 1.237e-05 0.199963 0.301349 0 0.000371358 140.043 0 11.7346 0.00202867 0.401561 0
3.72 0.756867 0.00541791 1.237e-05 0.199963 0.301349 0 0.000371358 140.043 0 11.7901 0.00203465 0.401561 0
3.74 0.756867 0.00541791 1.237e-05 0.199963 0.301349 0 0.000371358 140.043 0 11.8456 0.00204063 0.401561 0
3.76 0.756867 0.00541791 1.237e-05 0.199963 0.301349 0 0.000371358 140.043 0 11.9011 0.00204661 0.401561 0
3.78 0.756867 0.00541791 1.237e-05 0.199963 0.301349 0 0.000371358 140.043 0 11.9566 0.0020526 0.401561 0
3.8 0.756867 0.00541791 1.237e-05 0.199963 0.301349 0 0.000371358 140.043 0 12.0122 0.00205858 0.401561 0
3.82 0.756867 0.00541791 1.237e-05 0.199963 0.301349 0 0.000371358 140.043 0 12.0677 0.00206456 0.401561 0
3.84 0.756867 0.00541791 1.237e-05 0.199963 0.301349 0 0.000371358 140.043 0 12.1232 0.00207055 0.401561 0
3.86 0.756867 0.00541791 1.237e-05 0.199963 0.301349 0 0.000371358 140.043 0 12.1787 0.00207653 0.401561 0
3.88 0.756867 0.00541791 1.237e-05 0.199963 0.301349 0 0.000371358 140.043 0 12.2342 0.00208251 0.401561 0
3.9 0.756867 0.00541791 1.237e-05 0.199963 0.301349 0 0.000371358 140.043 0 12.2897 0.0020885 0.401561 0
3.92 0.756867 0.00541791 1.237e-05 0.199963 0.301349 0 0.000371358 140.043 0 12.3453 0.00209448 0.401561 0
3.94 0.756867 0.00541791 1.237e-05 0.199963 0.301349 0 0.000371358 140.043 0 12.4008 0.00210046 0.401561 0
3.96 0.756867 0.00541791 1.237e-05 0.199963 0.301349 0 0.000371358 140.043 0 12.4563 0.00210645 0.401561 0
3.98 0.756867 0.00541791 1.237e-05 0.199963 0.301349 0 0.000371358 140.043 0 12.5118 0.00211243 0.401561 0
4 0.756867 0.00541791 1.237e-05 0.199963 0.301349 0 0.000371358 140.043 0 12.5673 0.00211841 0.401561 0
4.02 0.756867 0.00541791 1.237e-05 0.199963 0.301349 0 0.000371358 140.043 0 12.6228 0.0021244 0.401561 0
4.04 0.756867 0.00541791 1.237e-05 0.199963 0.301349 0 0.000371358 140.043 0 12.6784 0.00213038 0.401561 0
4.06 0.756867 0.00541791 1.237e-05 0.199963 0.301349 0 0.000371358 140.043 0 12.7339 0.00213636 0.401561 0
4.08 0.756867 0.00541791 1.237e-05 0.199963 0.301349 0 0.000371358 140.043 0 12.7894 0.00214234 0.401561 0
4.1 0.756867 0.00541791 1.237e-05 0.199963 0.301349 0 0.000371358 140.043 0 12.8449 0.00214833 0.401561 0
4.12 0.756867 0.00541791 1.237e-05 0.199963 0.301349 0 0.000371358 140.043 0 12.9004 0.00215431 0.401561 0
4.14 0.756867 0.00541791 1.237e-05 0.199963 0.301349 0 0.000371358 140.043 0 12.9559 0.00216029 0.401561 0
4.16 0.756867 0.00541791 1.237e-05 0.199963 0.301349 0 0.000371358 140.043 0 13.0114 0.00216628 0.401561 0
4.18 0.756867 0.00541791 1.237e-05 0.199963 0.301349 0 0.000371358 140.043 0 13.067 0.00217226 0.401561 0
4.2 0.756867 0.00541791 1.237e-05 0.199963 0.301349 0 0.000371358 140.043 0 13.1225 0.00217824 0.401561 0
4.22 0.756867 0.00541791 1.237e-05 0.199963 0.301349 0 0.000371358 140.043 0 13.178 0.00218423 0.401561 0
4.24 0.756867 0.00541791 1.237e-05 0.199963 0.301349 0 0.000371358 140.043 0 13.2335 0.00219021 0.401561 0
4.26 0.756867 0.00541791 1.237e-05 0.199963 0.301349 0 0.000371358 140.043 0 13.289 0.00219619 0.401561 0
4.28 0.756867 0.00541791 1.237e-05 0.199963 0.301349 0 0.000371358 140.043 0 13.3445 0.00220218 0.401561 0
4.3 0.756867 0.00541791 1.237e-05 0.199963 0.301349 0 0.000371358 140.043 0 13.4001 0.00220816 0.401561 0
4.32 0.756867 0.00541791 1.237e-05 0.199963 0.301349 0 0.000371358 140.043 0 13.4556 0.00221414 0.401561 0
4.34 0.756867 0.00541791 1.237e-05 0.199963 0.301349 0 0.000371358 140.043 0 13.5111 0.00222013 0.401561 0
4.36 0.756867 0.00541791 1.237e-05 0.199963 0.301349 0 0.000371358 140.043 0 13.5666 0.00222611 0.401561 0
4.38 0.756867 0.00541791 1.237e-05 0.199963 0.301349 0 0.000371358 140.043 0 13.6221 0.00223209 0.401561 0
4.4 0.756867 0.00541791 1.237e-05 0.199963 0.301349 0 0.000371358 140.043 0 13.6776 0.00223807 0.401561 0
4.42 0.756867 0.00541791 1.237e-05 0.199963 0.301349 0 0.000371358 140.043 0 13.7332 0.00224406 0.401561 0
4.44 0.756867 0.00541791 1.237e-05 0.199963 0.301349 0 0.000371358 140.043 0 13.7887 0.00225004 0.401561 0
4.46 0.756867 0.00541791 1.237e-05 0.199963 0.301349 0 0.000371358 140.043 0 13.8442 0.00225602 0.401561 0
4.48 0.756867 0.00541791 1.237e-05 0.199963 0.301349 0 0.000371358 140.043 0 13.8997 0.00226201 0.401561 0
4.5 0.756867 0.00541791 1.237e-05 0.199963 0.301349 0 0.000371358 140.043 0 13.9552 0.00226799 0.401561 0
4.52 0.756867 0.00541791 1.237e-05 0.199963 0.301349 0 0.000371358 140.043 0 14.0107 0.00227397 0.401561 0
4.54 0.756867 0.00541791 1.237e-05 0.199963 0.301349 0 0.000371358 140.043 0 14.0663 0.00227996 0.401561 0
4.56 0.756867 0.00541791 1.237e-05 0.199963 0.301349 0 0.000371358 140.043 0 14.1218 0.00228594 0.401561 0
4.58 0.756867 0.00541791 1.237e-05 0.199963 0.301349 0 0.000371358 140.043 0 14.1773 0.00229192 0.401561 0
4.6 0.756867 0.00541791 1.237e-05 0.199963 0.301349 0 0.000371358 140.043 0 14.2328 0.00229791 0.401561 0
4.62 0.756867 0.00541791 1.237e-05 0.199963 0.301349 0 0.000371358 140.043 0 14.2883 0.00230389 0.401561 0
4.64 0.756867 0.00541791 1.237e-05 0.199963 0.301349 0 0.000371358 140.043 0 14.3438 0.00230987 0.401561 0
4.66 0.756867 0.00541791 1.237e-05 0.199963 0.301349 0 0.000371358 140.043 0 14.3994 0.00231585 0.401561 0
4.68 0.756867 0.00541791 1.237e-05 0.199963 0.301349 0 0.000371358 140.043 0 14.4549 0.00232184 0.401561 0
4.7 0.756867 0.00541791 1.237e-05 0.199963 0.301349 0 0.000371358 140.043 0 14.5104 0.00232782 0.401561 0
4.72 0.756867 0.00541791 1.237e-05 0.199963 0.301349 0 0.000371358 140.043 0 14.5659 0.0023338 0.401561 0
4.74 0.756867 0.00541791 1.237e-05 0.199963 0.301349 0 0.000371358 140.043 0 14.6214 0.00233979 0.401561 0
4.76 0.756867 0.00541791 1.237e-05 0.199963 0.301349 0 0.000371358 140.043 0 14.6769 0.00234577 0.401561 0
4.78 0.756867 0.00541791 1.237e-05 0.199963 0.301349 0 0.000371358 140.043 0 14.7325 0.00235175 0.401561 0
4.8 0.756867 0.00541791 1.237e-05 0.199963 0.301349 0 0.000371358 140.043 0 14.788 0.00235774 0.401561 0
4.82 0.756867 0.00541791 1.237e-05 0.199963 0.301349 0 0.000371358 140.043 0 14.8435 0.00236372 0.401561 0
4.84 0.756867 0.00541791 1.237e-05 0.199963 0.301349 0 0.000371358 140.043 0 14.899 0.0023697 0.401561 0
4.86 0.756867 0.00541791 1.237e-05 0.199963 0.301349 0 0.000371358 140.043 0 14.9545 0.00237569 0.401561 0
4.88 0.756867 0.00541791 1.237e-05 0.199963 0.301349 0 0.000371358 140.043 0 15.01 0.00238167 0.401561 0
4.9 0.756867 0.00541791 1.237e-05 0.199963 0.301349 0 0.000371358 140.043 0 15.0656 0.00238765 0.401561 0
4.92 0.756867 0.00541791 1.237e-05 0.199963 0.301349 0 0.000371358 140.043 0 15.1211 0.00239364 0.401561 0
4.94 0.756867 0.00541791 1.237e-05 0.199963 0.301349 0 0.000371358 140.043 0 15.1766 0.00239962 0.401561 0
4.96 0.756867 0.00541791 1.237e-05 0.199963 0.301349 0 0.000371358 140.043 0 15.2321 0.0024056 0.401561 0
4.98 0.756867 0.00541791 1.237e-05 0.199963 0.301349 0 0.000371358 140.043 0 15.2876 0.00241158 0.401561 0
5 0.756867 0.00541791 1.237e-05 0.199963 0.301349 0 0.000371358 140.043 0 15.3431 0.00241757 0.401561 0
5.02 0.756867 0.00541791 1.237e-05 0.199963 0.301349 0 0.000371358 140.043 0 15.3987 0.00242355 0.401561 0
5.04 0.756867 0.00541791 1.237e-05 0.199963 0.301349 0 0.000371358 140.043 0 15.4542 0.00242953 0.401561 0
5.06 0.756867 0.00541791 1.237e-05 0.199963 0.301349 0 0.000371358 140.043 0 15.5097 0.00243552 0.401561 0
5.08 0.756867 0.00541791 1.237e-05 0.199963 0.301349 0 0.000371358 140.043 0 15.5652 0.0024415 0.401561 0
5.1 0.756867 0.00541791 1.237e-05 0.199963 0.301349 0 0.000371358 140.043 0 15.6207 0.00244748 0.401561 0
5.12 0.756867 0.00541791 1.237e-05 0.199963 0.301349 0 0.000371358 140.043 0 15.6762 0.00245347 0.401561 0
5.14 0.756867 0.00541791 1.237e-05 0.199963 0.301349 0 0.000371358 140.043 0 15.7318 0.00245945 0.401561 0
5.16 0.756867 0.00541791 1.237e-05 0.199963 0.301349 0 0.000371358 140.043 0 15.7873 0.00246543 0.401561 0
5.18 0.756867 0.00541791 1.237e-05 0.199963 0.301349 0 0.000371358 140.043 0 15.8428 0.00247142 0.401561 0
5.2 0.756867 0.00541791 1.237e-05 0.199963 0.301349 0 0.000371358 140.043 0 15.8983 0.0024774 0.401561 0
5.22 0.756867 0.00541791 1.237e-05 0.199963 0.301349 0 0.000371358 140.043 0 15.9538 0.00248338 0.401561 0
5.24 0.756867 0.00541791 1.237e-05 0.199963 0.301349 0 0.000371358 140.043 0 16.0093 0.00248937 0.401561 0
5.26 0.756867 0.00541791 1.237e-05 0.199963 0.301349 0 0.000371358 140.043 0 16.0648 0.00249535 0.401561 0
5.28 0.756867 0.00541791 1.237e-05 0.199963 0.301349 0 0.000371358 140.043 0 16.1204 0.00250133 0.401561 0
5.3 0.756867 0.00541791 1.237e-05 0.199963 0.301349 0 0.000371358 140.043 0 16.1759 0.00250731 0.401561 0
5.32 0.756867 0.00541791 1.237e-05 0.199963 0.301349 0 0.000371358 140.043 0 16.2314 0.0025133 0.401561 0
5.34 0.756867 0.00541791 1.237e-05 0.199963 0.301349 0 0.000371358 140.043 0 16.2869 0.00251928 0.401561 0
5.36 0.756867 0.00541791 1.237e-05 0.199963 0.301349 0 0.000371358 140.043 0 16.3424 0.00252526 0.401561 0
5.38 0.756867 0.00541791 1.237e-05 0.199963 0.301349 0 0.000371358 140.043 0 16.3979 0.00253125 0.401561 0
5.4 0.756867 0.00541791 1.237e-05 0.199963 0.301349 0 0.000371358 140.043 0 16.4535 0.00253723 0.401561 0
5.42 0.756867 0.00541791 1.237e-05 0.199963 0.301349 0 0.000371358 140.043 0 16.509 0.00254321 0.401561 0
5.44 0.756867 0.00541791 1.237e-05 0.199963 0.301349 0 0.000371358 140.043 0 16.5645 0.0025492 0.401561 0
5.46 0.756867 0.00541791 1.237e-05 0.199963 0.301349 0 0.000371358 140.043 0 16.62 0.00255518 0.401561 0
5.48 0.756867 0.00541791 1.237e-05 0.199963 0.301349 0 0.000371358 140.043 0 16.6755 0.00256116 0.401561 0
5.5 0.756867 0.00541791 1.237e-05 0.199963 0.301349 0 0.000371358 140.043 0 16.731 0.00256715 0.401561 0
5.52 0.756867 0.00541791 1.237e-05 0.199963 0.301349 0 0.000371358 140.043 0 16.7866 0.00257313 0.401561 0
5.54 0.756867 0.00541791 1.237e-05 0.199963 0.301349 0 0.000371358 140.043 0 16.8421 0.00257911 0.401561 0
5.56 0.756867 0.00541791 1.237e-05 0.199963 0.301349 0 0.000371358 140.043 0 16.8976 0.0025851 0.401561 0
5.58 0.756867 0.00541791 1.237e-05 0.199963 0.301349 0 0.000371358 140.043 0 16.9531 0.00259108 0.401561 0
5.6 0.756867 0.00541791 1.237e-05 0.199963 0.301349 0 0.000371358 140.043 0 17.0086 0.00259706 0.401561 0
5.62 0.756867 0.00541791 1.237e-05 0.199963 0.301349 0 0.000371358 140.043 0 17.0641 0.00260304 0.401561 0
5.64 0.756867 0.00541791 1.237e-05 0.199963 0.301349 0 0.000371358 140.043 0 17.1197 0.00260903 0.401561 0
5.66 0.756867 0.00541791 1.237e-05 0.199963 0.301349 0 0.000371358 140.043 0 17.1752 0.00261501 0.401561 0
5.68 0.756867 0.00541791 1.237e-05 0.199963 0.301349 0 0.000371358 140.043 0 17.2307 0.00262099 0.401561 0
5.7 0.756867 0.00541791 1.237e-05 0.199963 0.301349 0 0.000371358 140.043 0 17.2862 0.00262698 0.401561 0
5.72 0.756867 0.00541791 1.237e-05 0.199963 0.301349 0 0.000371358 140.043 0 17.3417 0.00263296 0.401561 0
5.74 0.756867 0.00541791 1.237e-05 0.199963 0.301349 0 0.000371358 140.043 0 17.3972 0.00263894 0.401561 0
5.76 0.756867 0.00541791 1.237e-05 0.199963 0.301349 0 0.000371358 140.043 0 17.4528 0.00264493 0.401561 0
5.78 0.756867 0.00541791 1.237e-05 0.199963 0.301349 0 0.000371358 140.043 0 17.5083 0.00265091 0.401561 0
5.8 0.756867 0.00541791 1.237e-05 0.199963 0.301349 0 0.000371358 140.043 0 17.5638 0.00265689 0.401561 0
5.82 0.756867 0.00541791 1.237e-05 0.199963 0.301349 0 0.000371358 140.043 0 17.6193 0.00266288 0.401561 0
5.84 0.756867 0.00541791 1.237e-05 0.199963 0.301349 0 0.000371358 140.043 0 17.6748 0.00266886 0.401561 0
5.86 0.756867 0.00541791 1.237e-05 0.199963 0.301349 0 0.000371358 140.043 0 17.7303 0.00267484 0.401561 0
5.88 0.756867 0.00541791 1.237e-05 0.199963 0.301349 0 0.000371358 140.043 0 17.7859 0.00268082 0.401561 0
5.9 0.756867 0.00541791 1.237e-05 0.199963 0.301349 0 0.000371358 140.043 0 17.8414 0.00268681 0.401561 0
5.92 0.756867 0.00541791 1.237e-05 0.199963 0.301349 0 0.000371358 140.043 0 17.8969 0.00269279 0.401561 0
5.94 0.756867 0.00541791 1.237e-05 0.199963 0.301349 0 0.000371358 140.043 0 17.9524 0.00269877 0.401561 0
5.96 0.756867 0.00541791 1.237e-05 0.199963 0.301349 0 0.000371358 140.043 0 18.0079 0.00270476 0.401561 0
5.98 0.756867 0.00541791 1.237e-05 0.199963 0.301349 0 0.000371358 140.043 0 18.0634 0.00271074 0.401561 0
6 0.756867 0.00541791 1.237e-05 0.199963 0.301349 0 0.000371358 140.043 0 18.119 0.00271672 0.401561 0
6.02 0.756867 0.00541791 1.237e-05 0.199963 0.301349 0 0.000371358 140.043 0 18.1745 0.00272271 0.401561 0
6.04 0.756867 0.00541791 1.237e-05 0.199963 0.301349 0 0.000371358 140.043 0 18.23 0.00272869 0.401561 0
6.06 0.756867 0.00541791 1.237e-05 0.199963 0.301349 0 0.000371358 140.043 0 18.2855 0.00273467 0.401561 0
6.08 0.756867 0.00541791 1.237e-05 0.199963 0.301349 0 0.000371358 140.043 0 18.341 0.00274066 0.401561 0
6.1 0.756867 0.00541791 1.237e-05 0.199963 0.301349 0 0.000371358 140.043 0 18.3965 0.00274664 0.401561 0
6.12 0.756867 0.00541791 1.237e-05 0.199963 0.301349 0 0.000371358 140.043 0 18.4521 0.00275262 0.401561 0
6.14 0.756867 0.00541791 1.237e-05 0.199963 0.301349 0 0.000371358 140.043 0 18.5076 0.00275861 0.401561 0
6.16 0.756867 0.00541791 1.237e-05 0.199963 0.301349 0 0.000371358 140.043 0 18.5631 0.00276459 0.401561 0
6.18 0.756867 0.00541791 1.237e-05 0.199963 0.301349 0 0.000371358 140.043 0 18.6186 0.00277057 0.401561 0
6.2 0.756867 0.00541791 1.237e-05 0.199963 0.301349 0 0.000371358 140.043 0 18.6741 0.00277655 0.401561 0
6.22 0.756867 0.00541791 1.237e-05 0.199963 0.301349 0 0.000371358 140.043 0 18.7296 0.00278254 0.401561 0
6.24 0.756867 0.00541791 1.237e-05 0.199963 0.301349 0 0.000371358 140.043 0 18.7852 0.00278852 0.401561 0
6.26 0.756867 0.00541791 1.237e-05 0.199963 0.301349 0 0.000371358 140.043 0 18.8407 0.0027945 0.401561 0
6.28 0.756867 0.00541791 1.237e-05 0.199963 0.301349 0 0.000371358 140.043 0 18.8962 0.00280049 0.401561 0
6.3 0.756867 0.00541791 1.237e-05 0.199963 0.301349 0 0.000371358 140.043 0 18.9517 0.00280647 0.401561 0
6.32 0.756867 0.00541791 1.237e-05 0.199963 0.301349 0 0.000371358 140.043 0 19.0072 0.00281245 0.401561 0
6.34 0.756867 0.00541791 1.237e-05 0.199963 0.301349 0 0.000371358 140.043 0 19.0627 0.00281844 0.401561 0
6.36 0.756867 0.00541791 1.237e-05 0.199963 0.301349 0 0.000371358 140.043 0 19.1182 0.00282442 0.401561 0
6.38 0.756867 0.00541791 1.237e-05 0.199963 0.301349 0 0.000371358 140.043 0 19.1738 0.0028304 0.401561 0
6.4 0.756867 0.00541791 1.237e-05 0.199963 0.301349 0 0.000371358 140.043 0 19.2293 0.00283639 0.401561 0
6.42 0.756867 0.00541791 1.237e-05 0.199963 0.301349 0 0.000371358 140.043 0 19.2848 0.00284237 0.401561 0
6.44 0.756867 0.00541791 1.237e-05 0.199963 0.301349 0 0.000371358 140.043 0 19.3403 0.00284835 0.401561 0
6.46 0.756867 0.00541791 1.237e-05 0.199963 0.301349 0 0.000371358 140.043 0 19.3958 0.00285434 0.401561 0
6.48 0.756867 0.00541791 1.237e-05 0.199963 0.301349 0 0.000371358 140.043 0 19.4513 0.00286032 0.401561 0
6.5 0.756867 0.00541791 1.237e-05 0.199963 0.301349 0 0.000371358 140.043 0 19.5069 0.0028663 0.401561 0
6.52 0.756867 0.00541791 1.237e-05 0.199963 0.301349 0 0.000371358 140.043 0 19.5624 0.00287228 0.401561 0
6.54 0.756867 0.00541791 1.237e-05 0.199963 0.301349 0 0.000371358 140.043 0 19.6179 0.00287827 0.401561 0
6.56 0.756867 0.00541791 1.237e-05 0.199963 0.301349 0 0.000371358 140.043 0 19.6734 0.00288425 0.401561 0
6.58 0.756867 0.00541791 1.237e-05 0.199963 0.301349 0 0.000371358 140.043 0 19.7289 0.00289023 0.401561 0
6.6 0.756867 0.00541791 1.237e-05 0.199963 0.301349 0 0.000371358 140.043 0 19.7844 0.00289622 0.401561 0
6.62 0.756867 0.00541791 1.237e-05 0.199963 0.301349 0 0.000371358 140.043 0 19.84 0.0029022 0.401561 0
6.64 0.756867 0.00541791 1.237e-05 0.199963 0.301349 0 0.000371358 140.043 0 19.8955 0.00290818 0.401561 0
6.66 0.756867 0.00541791 1.237e-05 0.199963 0.301349 0 0.000371358 140.043 0 19.951 0.00291417 0.401561 0
6.68 0.756867 0.00541791 1.237e-05 0.199963 0.301349 0 0.000371358 140.043 0 20.0065 0.00292015 0.401561 0
6.7 0.756867 0.00541791 1.237e-05 0.199963 0.301349 0 0.000371358 140.043 0 20.062 0.00292613 0.401561 0
6.72 0.756867 0.00541791 1.237e-05 0.199963 0.301349 0 0.000371358 140.043 0 20.1175 0.00293212 0.401561 0
6.74 0.756867 0.00541791 1.237e-05 0.199963 0.301349 0 0.000371358 140.043 0 20.1731 0.0029381 0.401561 0
6.76 0.756867 0.00541791 1.237e-05 0.199963 0.301349 0 0.000371358 140.043 0 20.2286 0.00294408 0.401561 0
6.78 0.756867 0.00541791 1.237e-05 0.199963 0.301349 0 0.000371358 140.043 0 20.2841 0.00295007 0.401561 0
6.8 0.756867 0.00541791 1.237e-05 0.199963 0.301349 0 0.000371358 140.043 0 20.3396 0.00295605 0.401561 0
6.82 0.756867 0.00541791 1.237e-05 0.199963 0.301349 0 0.000371358 140.043 0 20.3951 0.00296203 0.401561 0
6.84 0.756867 0.00541791 1.237e-05 0.199963 0.301349 0 0.000371358 140.043 0 20.4506 0.00296801 0.401561 0
6.86 0.756867 0.00541791 1.237e-05 0.199963 0.301349 0 0.000371358 140.043 0 20.5062 0.002974 0.401561 0
6.88 0.756867 0.00541791 1.237e-05 0.199963 0.301349 0 0.000371358 140.043 0 20.5617 0.00297998 0.401561 0
6.9 0.756867 0.00541791 1.237e-05 0.199963 0.301349 0 0.000371358 140.043 0 20.6172 0.00298596 0.401561 0
6.92 0.756867 0.00541791 1.237e-05 0.199963 0.301349 0 0.000371358 140.043 0 20.6727 0.00299195 0.401561 0
6.94 0.756867 0.00541791 1.237e-05 0.199963 0.301349 0 0.000371358 140.043 0 20.7282 0.00299793 0.401561 0
6.96 0.756867 0.00541791 1.237e-05 0.199963 0.301349 0 0.000371358 140.043 0 20.7837 0.00300391 0.401561 0
6.98 0.756867 0.00541791 1.237e-05 0.199963 0.301349 0 0.000371358 140.043 0 20.8393 0.0030099 0.401561 0

