0.001 0.00333333 0.160888 0.00514279 2.86475e-07 0.2 0.379739 0 0.000189265 136.312 0.126728 0.205025 0.000541331 0.0173008
0.016 0.00333333 0.523892 0.00633374 4.07554e-06 0.199999 1.58225 0 0.00064306 152.602 0.0379185 2.54048 0.00281019 0.246129
0.031 0.00333333 0.986978 0.00761836 8.15603e-06 0.199998 1.69681 0 0.00131221 165.601 0.0144726 5.25015 0.0160103 0.492554
0.046 0.00333333 1.46867 0.00988581 1.22542e-05 0.199997 1.73632 0 0.00216939 174.288 -0.00138669 7.89898 0.0547814 0.740042
0.061 0.00333333 1.95481 0.0141562 1.63569e-05 0.199996 1.7564 0 0.00326508 180.644 0.00474728 10.5466 0.136573 0.987803
0.076 0.00333333 2.44238 0.0212676 2.04614e-05 0.199995 1.76858 0 0.00466645 185.632 -0.012453 13.1944 0.277752 1.23567
0.091 0.00333333 2.93049 0.0317794 2.45669e-05 0.199995 1.77677 0 0.00644802 189.732 0.0024208 15.8426 0.489883 1.48359
0.106 0.00333333 3.41876 0.0458406 2.86729e-05 0.199994 1.78266 0 0.00869969 193.21 0.00187063 18.4909 0.776392 1.73155
0.121 0.00333333 3.90706 0.0631302 3.27792e-05 0.199993 1.7871 0 0.0115467 196.231 0.00149536 21.1394 1.13103 1.97951
0.136 0.00333333 4.39535 0.0829048 3.68858e-05 0.199992 1.79056 0 0.0151787 198.9 0.00122685 23.788 1.53871 2.22749
0.151 0.00333333 4.88363 0.10413 4.09924e-05 0.199991 1.79334 0 0.0198931 201.292 0.00102744 26.4367 1.97812 2.47547
0.166 0.00333333 5.37195 0.12565 4.50992e-05 0.19999 1.79562 0 0.0261715 203.458 0.000874868 29.0854 2.42524 2.72346
0.181 0.00333333 5.86034 0.146361 4.9206e-05 0.199989 1.79752 0 0.0348357 205.439 0.00075523 31.7341 2.85699 2.97145
0.196 0.00333333 6.34885 0.165349 5.33129e-05 0.199988 1.79913 0 0.0474058 207.264 0.00065947 34.3829 3.25418 3.21943
0.211 0.00333333 6.8375 0.181984 5.74198e-05 0.199987 1.80052 0 0.0670467 208.956 0.000581451 37.0317 3.60361 3.46742
0.226 0.00333333 7.3263 0.19595 6.15268e-05 0.199986 1.80171 0 0.101635 210.534 0.000516838 39.6805 3.89908 3.7154
0.241 0.00333333 7.81526 0.207142 6.56337e-05 0.199985 1.80276 0 0.177742 212.011 0.000462309 42.3293 4.14037 3.96338
0.256 0.00333333 8.30447 0.21277 6.97407e-05 0.199984 1.80369 0 0.476368 213.4 0.00041356 44.9781 4.28384 4.21136
0.271 0.00333333 0.0575533 0.999967 3.62476e-06 1.20398e-06 0.300004 0 6.11458 94.3249 -5.15508e-07 17.4604 15.1155 1.06517e-05
0.286 0.00333333 0.0575533 0.999967 3.62533e-06 1.08549e-06 0.300003 0 6.11452 94.3255 8.42868e-07 2.3382 20.9969 9.76148e-06
0.301 0.00333333 0.0575533 0.999967 3.62584e-06 9.89362e-07 0.300003 0 6.1145 94.3256 1.19769e-06 2.33852 20.9969 9.00918e-06
0.301 0.00333333 0.0575533 0.999967 3.62584e-06 9.89362e-07 0.300003 0 6.1145 94.3257 1.2891e-06 2.33849 20.9969 9.00918e-06
0.286 0.00333333 0.0575533 0.999967 3.62533e-06 1.08549e-06 0.300003 0 6.1145 94.3257 1.31138e-06 2.33813 20.9969 9.76148e-06
0.271 0.00333333 0.0575533 0.999967 3.62476e-06 1.20399e-06 0.300004 0 6.1145 94.3257 1.31549e-06 2.33776 20.9969 1.06517e-05
0.256 0.00333333 0.0575533 0.999967 3.62413e-06 1.35174e-06 0.300004 0 6.1145 94.3257 1.31482e-06 2.33735 20.9969 1.1713e-05
0.241 0.00333333 0.0575533 0.999967 3.62341e-06 1.53836e-06 0.300005 0 6.1145 94.3257 1.3129e-06 2.33688 20.9969 1.29888e-05
0.226 0.00333333 0.0575533 0.999967 3.6226e-06 1.77755e-06 0.300006 0 6.1145 94.3257 1.31064e-06 2.33635 20.9969 1.45375e-05
0.211 0.00333333 0.0575533 0.999967 3.62167e-06 2.08917e-06 0.300007 0 6.1145 94.3257 1.30828e-06 2.33575 20.9969 1.64386e-05
0.196 0.00333333 0.0575533 0.999967 3.62059e-06 2.50287e-06 0.300009 0 6.11449 94.3257 1.30591e-06 2.33504 20.9969 1.88031e-05
0.181 0.00333333 0.0575534 0.999967 3.61933e-06 3.06413e-06 0.300011 0 6.11449 94.3257 1.30355e-06 2.33422 20.9969 2.17892e-05
0.166 0.00333333 0.0575534 0.999967 3.61784e-06 3.84505e-06 0.300014 0 6.11449 94.3257 1.30119e-06 2.33324 20.9969 2.56288e-05
0.151 0.00333333 0.0575534 0.999967 3.61604e-06 4.96454e-06 0.300018 0 6.11449 94.3257 1.29885e-06 2.33206 20.9969 3.0673e-05
0.136 0.00333333 0.0575534 0.999967 3.61383e-06 6.62788e-06 0.300025 0 6.11449 94.3257 1.29654e-06 2.33061 20.9969 3.74741e-05
0.121 0.00333333 0.0575534 0.999967 3.61105e-06 9.20983e-06 0.300035 0 6.11449 94.3257 1.29426e-06 2.32878 20.9969 4.69409e-05
0.106 0.00333333 0.0575534 0.999967 3.60746e-06 1.34431e-05 0.300052 0 6.11448 94.3257 1.29203e-06 2.32641 20.9969 6.06564e-05
0.091 0.00333333 0.0575534 0.999967 3.60262e-06 2.089e-05 0.300081 0 6.11448 94.3258 1.28984e-06 2.32322 20.9969 8.15794e-05
0.076 0.00333333 0.0575535 0.999967 3.59578e-06 3.52825e-05 0.300138 0 6.11446 94.3258 1.28773e-06 2.31867 20.9969 0.000115775
0.061 0.00333333 0.0575537 0.999967 3.58536e-06 6.70348e-05 0.300261 0 6.11443 94.3259 1.28574e-06 2.31172 20.9969 0.000177342
0.046 0.00333333 0.0575542 0.999967 3.56763e-06 0.000152663 0.300594 0 6.11434 94.3262 1.28403e-06 2.2998 20.9969 0.000305604
0.031 0.00333333 0.0575559 0.999967 3.53104e-06 0.00047849 0.301844 0 6.114 94.3272 1.28335e-06 2.27488 20.9969 0.000647731
0.016 0.00333333 0.0575705 0.999967 3.41583e-06 0.00311714 0.311669 0 6.11122 94.3355 1.29223e-06 2.19449 20.9969 0.0021929
0.001 0.00333333 0.160421 0.00514089 2.78481e-07 0.32884 0.289196 0 0.000188709 136.287 0.12694 0.224255 2.79174 0.016818

