0.1168695453334796
0.00225670823657313
1.369830287562785e-05
0.00332266731992489
6.522666545443543e-05
7.827285953755942e-07
0.0007752573074896448
1.521292828224011e-05
1.818450360316278e-07
2.753010070862385e-07
2.074094843474988e-07
-9.109838724532415e-09
0.0794615414015027
2.336772132326111e-07
9.31368453114769e-06
0.002295309885524513
5.656999728889258e-06
5.388062320577801e-07
0.0005355427049814087
1.310560145862206e-06
1.251764559028231e-07
7.282876448568985e-06
8.497812168384713e-06
2.185958435729949e-09
0.02235743772835795
6.514044554468019e-08
2.620514751753591e-06
0.000645645800322092
1.217895760877429e-06
1.515993786540884e-07
0.0001506443855436987
2.829573298933821e-07
3.521984625148861e-08
2.046409632424878e-06
2.095872688124511e-06
6.150422011789602e-10
2.292498473554129e-06
1.997869483068546e-08
2.716913785948129e-10
4.204242829657881e-05
7.257854149400528e-10
8.044727281586001e-09
9.80728180000148e-06
1.6905890881837e-10
1.869217036590274e-09
7.290665098886226e-05
1.190337399095253e-09
-2.613907220308269e-08
0.01510637682405627
4.40088112490025e-08
1.770618075418054e-06
0.0004362456801849353
8.201074878675477e-07
1.024320116962769e-07
0.0001017864168508274
1.905446767988696e-07
2.37971931922658e-08
1.382684829649288e-06
1.410753308267827e-06
4.155690020481983e-10
1.548881347294254e-06
1.34991166530807e-08
1.835630835306386e-10
2.840188968548563e-05
4.901480446566781e-10
5.434976511523597e-09
6.62534469390278e-06
1.141715924034512e-10
1.262833426062495e-09
4.91128276152464e-05
8.022685405173786e-10
-1.765702957294129e-08
4.279369104721771e-07
3.798023518504051e-09
5.072503471707497e-11
7.644625977852241e-06
1.19146640063144e-10
1.479878404954082e-09
1.78354651477036e-06
2.77759038464229e-11
3.438536818709836e-10
1.137254123535136e-05
7.311418402397755e-11
-4.745202430921118e-09
1.337329945805281e-07
4.245896054917784e-13
1.567475295032477e-11
4.156546938285032e-09
1.553533454450769e-11
9.38637657965287e-13
9.697700530413329e-10
3.605922445538614e-12
2.180642562374066e-13
2.263199107080884e-09
3.222458901136448e-10
2.612044252901323e-13
3.943482455514207e-07
3.512424789438946e-09
4.674344351361345e-11
7.01646366428578e-06
1.094989199295751e-10
1.359657513068526e-09
1.637003800396277e-06
2.552746840725632e-11
3.159199885713719e-10
1.028873408402877e-05
6.20277160084545e-11
-4.354519755892363e-09
1.236768499735865e-07
3.923893507841797e-13
1.449608015324222e-11
3.841843875523077e-09
1.424583284380139e-11
8.679327386025972e-13
8.963471685586762e-10
3.306563025712736e-12
2.016381017787552e-13
2.076068719637717e-09
2.980371156468782e-10
2.405639086298464e-13
3.479790898886934e-08
1.084507617678548e-13
4.0786415927421e-12
1.077005896490424e-09
2.809116041658176e-12
2.44039082343318e-13
2.512852075360721e-10
6.527299069410408e-13
5.669516934673482e-14
5.528621232986935e-10
8.709459170526909e-11
6.635812087049552e-14
3.814186837746278e-12
3.109857714967635e-14
4.447508604512776e-16
9.573610287480892e-11
1.589422086456414e-15
1.073382120456938e-14
2.230590654414994e-11
3.703560431147414e-16
2.499602226566936e-15
3.05761884156084e-09
4.753291841607576e-15
-6.213719459529929e-13

0.0002338190849189314
6.918896748501975e-06
1.614347904966763e-06
-4.967699210592488e-07
0.0001589713353621199
4.583868025400223e-06
1.06952522266947e-06
1.449367290735529e-08
4.472845606780402e-05
1.289712003535244e-06
3.009204414557192e-07
4.077587294615505e-09
4.580272011825081e-09
7.763255871799993e-08
1.811301219264598e-08

0.0002853528656321607
5.509849828765278e-06
3.344629388633817e-08
8.46865961293712e-06
1.592562688078035e-07
1.980570373015545e-09
1.975935151217403e-06
3.714361518691943e-08
4.601320871049969e-10
4.742796225386586e-07
5.094483367231258e-10
-2.425514640620682e-10
0.0001940087572323845
5.709078326618e-10
2.273975963951501e-08
5.604192100486846e-06
1.411210060133654e-08
1.315529290991438e-09
1.307572536786127e-06
3.266611543414717e-09
3.056268543694803e-10
1.788681660052233e-08
3.614030393529429e-07
5.349506848071777e-12
5.458664293230585e-05
1.594396047625348e-10
6.398098995801831e-09
1.576473259727035e-06
3.188592249653937e-09
3.701415414591989e-10
3.678282432626789e-07
7.374373828927918e-10
8.599264081594995e-11
5.026507560229128e-09
3.947363744314823e-07
1.50511506840485e-12
5.611324155596333e-09
4.877903241529686e-11
6.649079570500157e-13
1.098967070716676e-07
1.803954791175744e-12
1.964438733010601e-11
2.550216658657212e-08
4.202050143100983e-13
4.566208629779701e-12
1.534526874066926e-05
3.16465229253452e-12
-2.659845727060214e-10

0.09576331416446583
0.00272251191266467
0.0006352268531731667
-7.893651036874144e-06
0.06511101658247496
0.001877440381704677
0.0004380514082063757
5.911911072620975e-06
0.01831975075240382
0.0005282326040546623
0.0001232492126401053
1.663258835983213e-06
1.871558139240172e-06
3.150135981248748e-05
7.35070415063339e-06
-7.337013765233152e-05
0.01237820996695168
0.000356913855432116
8.327647963492162e-05
1.123822267522254e-06
1.26448335122547e-06
2.128209604116002e-05
4.966083408460748e-06
-4.942052727381416e-05
3.494895475119858e-07
5.790633598180769e-06
1.351201750570261e-06
-1.14557163763016e-05
1.09580749216409e-07
3.328335705378836e-09
7.765678627316676e-10
1.246972014994113e-09
3.220702091677026e-07
5.319860131976161e-06
1.241348801845854e-06
-1.036510330478702e-05
1.01340755980703e-07
3.077394801285964e-09
7.180183343231925e-10
1.148321549916371e-09
2.851340510737229e-08
8.649093638121199e-10
2.018009020299096e-10
3.160493352977455e-10
3.088183222629693e-12
5.112119809533731e-11
1.196020747323954e-11
-3.434879968009521e-09

3.755580115256836e-99
1.928778401596891e-42
1.960490219469578e-70
4.448037710082528e-42
-7.733489799033687e-43
-7.030344252510126e-34
-9.124428199484624e-34
0.0003521538965298839
1.196340198688557e-39
2.878961795865689e-68
2.40602815778681e-39
-1.473418477310705e-39
-4.315566381118819e-33
-9.376139797209613e-33
0.004696181152856928

2.752990096669669e-96
2.924013595615846e-39
1.885666210815652e-67
4.480583465314681e-39
-1.074051939887432e-39
-1.406994979081342e-32
-1.854024959555774e-32
0.007047721412105953
3.620705712083917e-36
4.326852235961606e-65
3.640780528582413e-36
-4.373486395809515e-36
-8.636652053530488e-32
-1.861479738475163e-31
0.09398554663815725
0.09321933778648957
-1.154282506274786e-121
-1.083983603629044e-95
-2.977033774032391e-92
-1.26551892360517e-67
-1.849056467374849e-65
-1.993691295388618e-39
-1.943971972801774e-37
9.986511581646757e-10
-1.826223113263819e-96
-1.972395985878645e-92
-1.734784669286366e-67
-2.303297787729864e-64
-1.223825396214742e-38
-3.630070645260281e-36
1.331760572143402e-08
1.818052371089249e-06
2.867199953546482e-105
5.202471536185784e-49
2.852796251854524e-76
1.067887708565557e-48
4.375162679356421e-50
-7.54362674204393e-38
-1.483621097635219e-37
3.778632223330111e-08
1.92524440581931e-46
2.315663882927134e-74
3.19950659926048e-46
1.117902980339301e-46
-4.630647686136789e-37
-1.006223555567097e-36
5.039030266494541e-07
5.039030266494542e-07

7.438526617492584e-08
8.10686373701702e-09
1.672719524789284e-13
6.474904788266239e-08
2.360122263778116e-13
1.328018461528696e-13
4.789626975816782e-13
1.222364133740556e-13
1.043210152031267e-18
7.756101833720361e-14
6.343479146220712e-19

0.1999967849975601
4.792043439812585e-08
4.511421116297645e-07
1.417381138262217e-06
3.744763062713152e-07
3.386768239773275e-12
4.405374516391214e-07
2.794135820538204e-12
7.7062623901326e-13
1.89264702145026e-12
3.902698225318718e-13
4.594270216696575e-18
0.1999966090813694
1.157585490139816e-07
4.51141774334563e-07
1.417386224099428e-06
3.744765462604795e-07
3.18626256787159e-12
4.405365380711425e-07
2.417215059159412e-12
7.706235573212607e-13
1.259510771395161e-12
3.902649552767116e-13
2.652480280101045e-18
4.685692586179375e-07
5.973132506455999e-08
1.053584541354169e-12
3.995964270803168e-07
1.531478837539943e-12
8.044036449159155e-13
2.80275024571607e-12
7.242454249066042e-13
6.051132721594673e-18
4.181980219607915e-13
3.410714888042567e-18
9.826528515999302e-19

qh= 0.0003475010918998258
psi= 138.653781482063
nad= -4.158093861628369e-30
pyr= 0.005000000000000001
suc= 0.008951356187694506
fum= 1.507644136898697
oa= -3.691533193363698e-31
cit= 0.001822236298213085
c1c= 0.2621525722853993
