0.03796248590178695
0.001047321651836769
4.238161443483059e-05
0.04887169767801983
0.001572868642137847
0.0001096249834944024
0.01140322797589474
0.0003669784133612989
2.546893474693207e-05
0.004891146870879868
0.0002486546800365414
1.430252384712746e-05
0.0368773949708806
0.0008654618912563619
4.117297882592611e-05
0.05537834634942007
0.004256454345557243
0.0001241371456813196
0.01292138957839916
0.0009931126641802134
2.884049312897336e-05
0.00875265524069886
0.001718404028946933
2.549185790577511e-05
0.001108966133984292
2.597675498488804e-05
1.238113828636572e-06
0.001665295447023798
0.0001274351022831802
3.732999733263711e-06
0.000388562798897612
2.973370285611914e-05
8.672791025490231e-07
0.0002631872880130021
5.12988890858626e-05
7.665809664422361e-07
0.0009144363610980598
2.384662010499369e-06
1.01978795788479e-06
0.004484393706824499
9.575628646483325e-06
9.999468269318378e-06
0.00104633810552132
2.233205251103575e-06
2.323143370311297e-06
0.001804463558031389
1.627036121658736e-05
5.027509832036423e-06
0.0007493014198822043
1.755072429576557e-05
8.365613471673494e-07
0.001125198872244529
8.609189321578283e-05
2.522295854221339e-06
0.0002625422702930619
2.008734159173752e-05
5.859990973695313e-07
0.0001778286522345979
3.46528214086913e-05
5.179599279518236e-07
0.0006178577232402977
1.611250644533778e-06
6.890385911312163e-07
0.003029969468267848
6.469087068513412e-06
6.756343719512861e-06
0.0007069790773699412
1.508705319382303e-06
1.569678968385228e-06
0.001219220516903661
1.099103021617478e-05
3.39702916660224e-06
1.846888795140993e-05
4.826779396451845e-08
2.056476320153715e-08
9.052531936303949e-05
1.714106146872209e-07
2.018904751707079e-07
2.112217464459399e-05
3.99842461506547e-08
4.690451857904446e-08
3.641933086168158e-05
2.695719377861809e-07
1.015835935483628e-07
1.698398429543632e-06
3.941423033431389e-08
1.899756464568005e-09
5.888139806321597e-06
1.958829527414115e-07
1.088565901296479e-08
1.373839346851745e-06
4.570319947546488e-08
2.528998638994245e-09
9.103705432400361e-06
9.465503087670129e-08
1.754874059204847e-08
6.000969905068235e-06
1.58190680866587e-08
6.66523123746818e-09
2.939242394552434e-05
5.496837188885866e-08
6.556112324240774e-08
6.85810310803649e-06
1.282251645803078e-08
1.52315282551023e-08
1.182235297204265e-05
8.51369770411486e-08
3.300715080846125e-08
5.568900611048234e-07
1.29248216055412e-08
6.230786156697065e-10
1.920450940944498e-06
6.422678839933018e-08
3.554852739575532e-09
4.480859699172773e-07
1.49853264717753e-08
8.258751362981042e-10
2.958276412445262e-06
3.102436431643648e-08
5.710917348330232e-09
1.674030675223839e-08
3.872956522389374e-10
1.873979822660623e-11
5.708495958267614e-08
1.913559565546516e-09
1.060307498396563e-10
1.33193475320424e-08
4.46478907644888e-10
2.463339138101427e-11
8.723716853240985e-08
9.65684224379658e-10
1.69189209361293e-10
1.362760593522514e-08
3.542566820515677e-11
1.545292844097971e-11
6.725385509959116e-08
1.563944885497044e-10
1.497071690499319e-10
1.569223688428295e-08
3.647509938363276e-11
3.478104930377752e-11
3.425181012111788e-08
2.78666212186767e-10
5.714996753001723e-11

7.617033867683335e-05
9.866720508104676e-05
2.302184521387556e-05
1.009573039106244e-05
7.386502932405596e-05
0.0001110401025691714
2.590872405477293e-05
1.7623273318978e-05
2.221247159692978e-06
3.339097271139401e-06
7.791048868858312e-07
5.298800114872099e-07
1.831600176576024e-06
8.989514287293814e-06
2.097497669776384e-06

9.306704043505761e-05
2.560211531606417e-06
1.095946076452869e-07
0.0001209024841665784
3.846523691436978e-06
2.739801701666487e-07
2.821015321493371e-05
8.974627093827864e-07
6.366513981795148e-08
1.25456640023474e-05
6.120048054763026e-07
3.66177419305929e-08
9.014251181924003e-05
2.115641951285101e-06
1.061640786162492e-07
0.0001354253934562595
1.040503655503745e-05
3.06675296508085e-07
3.159869856127002e-05
2.427695149794061e-06
7.126257254327937e-08
2.153784004000289e-05
4.20095317452415e-06
6.259665707232146e-08
2.710738682508598e-06
6.350075580596766e-08
3.192469224918252e-09
4.072375912444035e-06
3.115186389740223e-07
9.222160363082294e-09
9.502057153173895e-07
7.268486055246183e-08
2.142966578611672e-09
6.475443480235381e-07
1.254115444268831e-07
1.882246185010954e-09
2.235224359348688e-06
5.82935282320733e-09
2.629764901051542e-09
1.096196454443839e-05
2.340853410195356e-08
2.470193503534196e-08
2.55774097621425e-06
5.459282494142709e-09
5.740005626796148e-09
9.387771128955526e-06
3.977510500005506e-08
1.168331085406598e-08

0.03110780291186065
0.04008891537466799
0.009353876336560559
0.004017703225228945
0.0302165383661274
0.04541366103825491
0.01059626208791034
0.007182303044822476
0.0009086628014643085
0.001365644780583442
0.0003186431687160287
0.0002159670525136537
0.000749268568379593
0.003677412582788975
0.0008580401692131473
0.00139519307122418
0.0006139612676604628
0.0009227236048464677
0.0002152972675673527
0.0001459007081530189
0.000506258701395672
0.002484716483055518
0.0005797517988966861
0.001000225062286872
1.513297165930357e-05
7.423501016552304e-05
1.732105295472891e-05
2.987778518542018e-05
1.391632835135052e-06
4.827202380220614e-06
1.12629155011624e-06
7.463811908887934e-06
2.83756518613146e-06
1.313327590739975e-05
3.064352081548957e-06
5.201025361743135e-06
4.520985995169646e-07
1.153460211813554e-06
2.691293720525787e-07
1.343288198016138e-06
1.359261353092939e-08
3.439513314049095e-08
8.025238440807987e-09
3.964150791276465e-08
1.113131267073104e-08
5.48175533627438e-08
1.279041312877632e-08
1.054874781911881e-08

0.0001900126838034351
7.840721568552568e-05
0.000364570101990923
1.854122306633024e-05
5.639533246691024e-06
6.393356798840944e-08
9.223246665155219e-09
4.812352997379817e-11
0.0002770303531109023
0.003750110832347615
0.0005311226331896798
0.0008864817547928512
8.215291109998812e-06
3.056761787292702e-06
1.343582493904239e-08
2.300860916044169e-09
0.0009155240125477599
0.0003759273239149046
0.001739030923667644
8.854536185928033e-05
2.687626406360317e-05
3.05336600060923e-07
4.395632903460848e-08
2.298336457078771e-10
2.380310431118878e-05
0.0003182793493262119
4.477809574287092e-05
7.468154152861505e-05
6.914175925919484e-07
2.575426489926968e-07
1.130849634297324e-09

0.003796834947075882
0.001566733952266936
0.007284850686633365
0.0003704905226183867
0.0001126892479598006
1.277519882626941e-06
1.842990692936874e-07
9.616038668568321e-10
0.005534010995776521
0.07491361842949086
0.01060994157009242
0.01770878027543109
0.0001641125299110942
6.106332639297704e-05
2.684003812409719e-07
4.596309239226756e-08
0.01829881594103847
0.007513833075066934
0.03475898347703146
0.001769805699581451
0.0005371911064674592
6.102933969008116e-06
8.785800708748944e-07
4.593814219501111e-09
0.0004757890860148208
0.006361951727840975
0.0008950508761983995
0.001492779097953635
1.382046166357327e-05
5.147915804032981e-06
2.260408803964263e-08
3.875008171007509e-09
2.686675342927797e-09
3.636940288921009e-08
5.150965877549887e-09
8.597353021290503e-09
7.9674511348863e-11
2.964530833099393e-11
1.303043985514746e-13
2.231437875741331e-14
1.319474267112987e-07
5.421164654637205e-08
2.509338853216361e-07
1.278493747625422e-08
3.885867274607322e-09
4.407997312909272e-11
6.353057968540147e-12
3.317913760202927e-14
4.128276455800818e-08
5.529198692446375e-07
7.791716542695922e-08
1.299776241561445e-07
1.203028539138823e-09
4.482161302190019e-10
1.967602815038239e-12
3.373826916724161e-13
1.571177386931153e-09
5.631036770680479e-10
2.307869423818004e-09
1.100444968776511e-10
3.503316764892567e-11
3.781405985990195e-13
5.7153198662128e-14
2.84119550346261e-16
3.906721755219487e-07
1.611546581884916e-07
7.483486392086923e-07
3.817341281004987e-08
1.158745274122685e-08
1.316281839537633e-10
1.895089676284597e-11
9.907843353983531e-14
8.142275361521371e-07
1.09170798639534e-05
1.540562545220218e-06
2.567197027069236e-06
2.379469103645505e-08
8.851872043961772e-09
3.891458738539456e-11
6.662742944759625e-12
1.152545750004683e-06
4.616958891268792e-07
2.110126948231666e-06
1.074341038589686e-07
3.258286441655823e-08
3.704005175837938e-10
5.328411969379309e-11
2.787831091650758e-13
2.537151198415426e-08
3.369560733490939e-07
4.734516067084246e-08
7.887415035990465e-08
7.309419783798858e-10
2.719915837417796e-10
1.195468141057028e-12
2.052595820502746e-13

2.26301982909678e-06
8.987020014120098e-08
2.368382305548196e-11
3.681939587482674e-06
2.789848672029945e-11
4.251126020004365e-11
3.210362993045637e-10
5.927570601948466e-11
5.343170810530625e-15
4.106747690103827e-10
3.702349844251802e-14

0.1499696800795396
6.265799697879376e-08
1.577806362649934e-06
6.411988399913593e-06
1.237504618510073e-06
7.615482157087182e-11
1.123270663596466e-06
7.111271670166943e-11
7.842387115797484e-12
2.346013861604512e-10
3.149520080990718e-12
2.889646493100428e-14
0.2499503492816012
5.075204441248771e-07
2.629690266929739e-06
3.847685395922158e-06
2.062545619321645e-06
3.761121079780495e-11
1.872102551179349e-06
2.448154167150412e-11
1.309303760182796e-11
9.773733062921057e-12
5.227155456223782e-12
7.405643208183343e-17
1.972237312698076e-05
7.83224962234922e-07
2.064061434053077e-10
3.208835620513223e-05
2.43137226506526e-10
3.704885502920482e-10
2.797853381919662e-09
5.165918461924631e-10
4.656610032822234e-14
3.579058797511035e-09
3.226623299367936e-13
4.706786932510041e-13

0.003301036458424738
190.7762948888324
16.89617693767982
0.00329517773163782
0.005260362792404594
4.652178114767214e-05
0.006363248232144728
4.279300365312258e-06
0.2621525722853993
